2.154 2.222 2.462 3.387 1.000 2.000 4.600 43.705 199.489 1690.567 62059.774 31.733 124.287 497.710 4844.630 2796.850 6843.660 1513.700 3133.900 5498.360 62736.715 7.227 59.044
2.219 2.858 2.431 3.322 1.000 2.000 4.600 41.743 168.569 1663.446 62061.024 30.240 110.953 462.400 4824.263 2253.950 6843.660 1495.250 2361.660 5427.857 62739.927 6.993 59.036
2.194 2.694 2.318 3.035 1.000 2.000 4.500 41.811 178.725 1617.748 62062.475 30.253 117.570 404.740 4805.510 2197.800 6064.560 1402.850 3043.740 5358.073 62743.627 6.923 59.044
2.030 2.757 2.478 2.817 1.000 2.000 5.000 40.787 188.788 1133.832 61961.603 32.717 136.697 279.003 4570.357 2141.000 3963.000 1287.000 2032.500 5018.773 62583.152 6.507 58.586
2.127 3.000 2.635 3.089 1.000 3.000 5.000 39.717 174.099 697.495 388.734 32.593 132.990 183.903 98.260 2022.950 3357.760 1002.800 1840.500 447.747 1093.464 2.220 3.251
1.891 1.754 2.841 4.007 1.000 3.000 6.000 40.871 175.896 955.002 21948.874 35.300 139.123 293.793 2411.100 2193.100 4062.840 1545.600 2604.820 2879.317 22413.513 4.867 22.080
1.706 1.472 2.706 3.972 1.000 2.000 6.000 41.509 172.780 2637.968 346468.159 35.567 138.250 562.613 33268.713 2576.000 4439.040 1842.000 77700.880 34005.143 348842.452 33.160 314.627
1.706 1.413 2.706 4.208 1.000 2.000 6.000 55.736 160.945 3406.725 348392.124 37.647 127.443 944.563 37520.907 4155.650 14596.180 3397.800 231364.040 38630.560 350917.999 38.230 317.303
1.855 1.544 2.493 3.612 1.000 2.000 5.000 56.756 156.477 3401.759 348384.478 35.913 114.283 980.597 37653.410 4162.800 14596.180 4069.700 231364.040 38784.203 350908.893 38.370 317.304
1.863 1.543 2.216 2.656 1.000 2.000 5.000 56.540 151.583 3416.216 348384.122 34.093 104.623 990.637 37656.883 4353.100 14596.180 4069.700 231364.040 38786.237 350908.974 38.273 317.315
1.973 2.547 2.167 2.417 1.000 2.000 4.000 78.806 157.254 4808.330 351842.997 36.443 97.890 1396.363 40221.230 8697.600 19301.020 17503.450 248629.200 41751.927 354717.942 41.313 321.924
2.042 2.576 2.183 2.347 1.000 2.000 4.000 78.954 164.714 4189.535 68351.983 36.890 100.353 1177.497 9574.313 5645.400 14596.180 4069.700 99750.740 10889.053 71588.887 13.370 74.812
2.085 2.613 2.171 2.199 1.000 2.000 4.000 67.970 155.906 3633.993 55652.553 32.403 94.810 856.127 5345.053 3538.300 9945.160 1570.750 37736.020 6328.393 58442.264 8.340 60.445
1.947 2.424 2.081 2.020 1.000 2.000 3.700 67.053 144.125 3625.958 55624.061 31.917 90.213 818.440 5204.277 2765.250 9945.160 1545.200 19880.420 6144.847 58412.459 8.067 60.380
2.000 2.522 2.348 2.401 1.000 2.000 5.000 67.585 150.238 3639.156 55621.685 33.470 97.823 889.607 5271.423 3064.500 9945.160 1795.500 19880.420 6292.323 58406.054 8.517 60.392
1.877 1.944 2.233 2.233 1.000 2.000 4.000 36.925 131.637 1122.249 3509.430 28.500 95.967 421.457 406.670 2236.300 3882.160 1546.150 2285.140 952.593 3825.075 2.973 5.381
1.819 1.509 2.380 3.729 1.000 2.000 5.000 38.366 134.060 1368.377 6209.103 30.633 101.850 507.833 714.073 2277.000 4233.280 1778.550 2912.220 1354.390 7083.562 3.723 9.695
1.726 1.377 2.351 3.444 1.000 2.000 5.000 38.805 144.191 1305.948 6209.201 31.833 113.660 469.643 701.393 2243.100 3882.160 1780.150 2912.220 1316.530 7063.864 3.707 9.609
1.809 1.655 2.603 3.886 1.000 3.000 5.000 40.680 153.394 1341.515 6207.957 33.740 122.267 511.103 716.423 2316.700 4232.020 1780.150 2912.220 1383.533 7068.790 3.960 9.652
1.901 1.892 2.357 3.572 1.000 2.000 5.000 37.823 147.408 1217.356 6178.076 30.673 111.963 403.570 632.670 2173.950 2907.400 1250.600 2003.300 1178.877 6998.284 3.373 9.327
2.043 1.810 2.271 3.341 1.000 2.000 4.100 38.711 159.639 1113.643 6177.182 30.453 112.030 361.403 618.700 2173.950 2899.820 1227.200 2003.300 1122.587 6974.792 3.243 9.284
2.318 3.459 2.194 2.186 1.000 2.000 4.400 35.290 151.889 693.520 321.566 26.273 100.017 225.073 100.600 2155.000 2306.860 1103.350 1319.500 451.963 989.765 2.080 3.178
2.667 3.905 2.095 2.213 1.000 2.000 4.000 35.458 146.422 708.667 331.454 23.747 86.000 222.483 97.530 2155.000 2357.380 1102.600 1324.200 429.760 1028.220 1.887 3.270
2.855 4.737 2.016 2.737 1.000 2.000 4.000 33.273 143.753 629.627 325.118 21.473 79.503 172.877 86.563 2055.050 2172.000 1041.750 1573.840 360.417 926.726 1.583 2.834
3.328 8.600 1.845 2.614 1.000 1.000 4.000 33.126 138.481 623.133 354.999 19.253 69.497 145.933 77.933 1932.450 2172.800 994.050 1573.840 312.617 955.658 1.380 2.808
3.339 9.207 1.746 2.054 1.000 1.000 3.200 30.727 131.522 536.997 323.331 17.740 69.113 103.640 61.467 134.000 2078.440 710.050 1489.700 251.960 842.840 1.217 2.534
3.815 15.299 1.741 2.044 1.000 1.000 3.000 52.895 132.508 612.166 350.315 19.083 64.183 127.430 72.037 151.000 2149.460 879.300 1573.840 282.733 974.887 1.243 2.848
3.709 15.115 1.745 1.426 1.000 1.400 3.600 67.879 128.964 585.245 340.655 21.243 63.480 102.903 64.337 134.000 2079.420 710.050 1489.700 251.963 943.373 1.187 2.705
3.836 13.228 1.618 1.000 1.000 1.000 3.000 94.198 118.034 569.534 336.171 24.180 55.847 80.077 46.467 96.000 868.040 379.600 877.260 206.570 963.227 1.030 2.830
3.661 11.474 1.696 1.283 1.000 1.000 3.500 95.483 126.487 507.504 272.236 26.703 62.597 64.910 34.943 134.000 769.300 391.150 876.020 189.153 844.927 1.057 2.632
3.782 12.934 1.704 1.320 1.000 1.000 3.700 95.593 119.856 507.504 272.236 26.437 59.017 64.910 34.943 134.000 769.300 350.100 876.020 185.307 844.504 1.017 2.608
3.317 6.783 1.683 1.116 1.000 1.400 3.100 86.123 115.085 410.127 234.843 26.340 64.413 41.120 24.373 120.700 174.500 326.250 529.220 156.247 683.128 1.047 2.310
3.483 9.836 1.719 1.570 1.000 1.000 4.000 74.895 121.377 322.860 176.190 24.133 64.733 25.930 12.863 80.700 158.320 320.000 470.180 127.660 554.709 0.987 2.098
3.441 11.670 1.672 1.289 1.000 1.000 3.000 75.039 131.674 0.000 0.000 23.313 67.300 0.000 0.000 80.700 134.000 301.000 390.240 90.613 176.563 0.917 1.567
3.230 10.374 1.717 1.336 1.000 2.000 3.000 73.545 127.814 0.000 0.000 23.010 69.513 0.000 0.000 80.000 134.000 300.050 370.000 92.523 172.006 0.950 1.554
3.032 8.412 1.730 1.435 1.000 1.000 3.000 74.924 129.062 0.000 0.000 25.210 72.740 0.000 0.000 80.700 134.000 297.100 370.000 97.950 174.059 1.013 1.571
3.262 9.439 1.683 1.416 1.000 1.000 3.000 74.257 125.310 0.000 0.000 23.163 65.373 0.000 0.000 80.000 134.000 292.050 370.000 88.537 169.837 0.917 1.513
3.509 22.180 1.754 1.168 1.000 2.000 3.000 74.477 127.001 0.000 0.000 23.030 67.313 0.000 0.000 80.700 134.000 311.250 503.260 90.343 171.991 0.910 1.539
4.019 26.980 1.750 1.264 1.000 1.000 3.000 33.508 118.668 0.000 0.000 17.587 60.677 0.000 0.000 80.000 134.000 311.250 503.260 78.263 144.359 0.817 1.464
4.294 28.796 1.588 0.909 1.000 1.000 3.000 35.801 114.300 265.599 131.647 16.580 52.343 15.360 7.613 95.300 134.580 299.600 516.200 91.897 417.609 0.787 1.808
5.200 37.271 1.500 0.750 1.000 1.000 3.000 32.771 104.416 265.599 131.647 13.493 41.317 15.360 7.613 92.100 134.000 258.200 491.240 77.783 414.847 0.660 1.764
4.957 23.062 1.457 0.683 1.000 1.000 3.000 34.146 109.028 265.599 131.647 14.037 44.077 15.360 7.613 94.000 134.000 288.450 491.240 81.087 416.201 0.667 1.767
4.453 17.078 1.231 0.293 1.000 1.000 2.000 35.669 98.999 265.599 131.647 14.503 38.283 15.360 7.613 94.000 163.000 221.750 405.220 75.760 413.286 0.637 1.708
4.179 12.290 1.179 0.218 1.000 1.000 2.000 36.477 97.842 265.599 131.647 14.857 39.383 15.360 7.613 92.100 163.000 221.750 404.200 77.213 413.520 0.667 1.752
4.700 14.650 1.327 0.873 1.000 1.000 2.000 38.400 113.552 0.000 0.000 15.520 44.117 0.000 0.000 120.000 160.000 237.050 409.100 59.637 143.212 0.667 1.550
4.529 12.131 1.380 0.916 1.000 1.000 2.000 37.889 118.179 0.000 0.000 15.873 48.017 0.000 0.000 92.100 160.000 262.400 414.860 63.890 147.287 0.703 1.569
4.250 17.264 1.549 1.385 1.000 1.000 3.000 41.520 133.675 401.260 258.178 18.863 57.420 37.860 23.393 134.000 163.000 409.250 631.920 137.537 692.421 0.950 2.266
4.500 18.125 1.750 2.021 1.000 1.000 3.000 43.408 149.305 401.260 258.178 20.437 69.777 37.860 23.393 134.000 163.980 444.350 632.560 151.467 696.142 1.083 2.424
4.617 18.789 1.766 1.839 1.000 1.600 3.000 46.021 146.309 401.260 258.178 21.493 67.463 37.860 23.393 134.000 174.760 438.300 543.380 150.210 695.640 1.070 2.409
4.057 14.393 1.604 1.334 1.000 1.000 2.800 42.097 136.025 401.260 258.178 20.190 63.677 37.860 23.393 120.700 163.220 435.150 515.500 145.120 692.619 1.007 2.276
3.782 9.443 1.704 1.468 1.000 1.000 3.000 44.751 152.334 499.653 294.434 22.117 69.533 62.490 36.257 160.000 216.540 451.600 877.900 190.397 814.453 1.160 2.604
3.614 8.623 1.679 1.468 1.000 1.000 3.000 43.081 144.175 442.944 202.025 21.880 67.367 50.907 23.740 134.900 212.080 438.300 767.480 163.893 664.517 1.153 2.533
3.684 10.356 1.579 0.981 1.000 1.000 3.000 38.284 123.443 442.944 202.025 18.640 53.423 50.907 23.740 134.000 174.840 308.050 767.480 146.710 659.900 0.983 2.349
3.246 8.907 1.700 1.277 1.000 1.000 3.000 37.526 134.384 567.140 228.289 20.490 63.243 80.710 34.283 134.000 262.340 425.350 872.100 198.727 791.978 1.170 2.596
3.333 9.689 1.695 1.297 1.000 1.000 3.000 61.850 400.154 657.095 284.770 23.497 90.460 100.173 44.243 152.400 2542.320 564.950 881.540 258.373 1216.788 1.337 3.544
3.262 10.193 1.683 1.783 1.000 1.000 3.000 60.474 393.472 629.671 256.863 22.827 86.093 95.377 38.677 134.000 2935.300 486.500 792.620 242.973 1171.039 1.253 3.334
3.500 9.083 1.525 1.402 1.000 1.000 2.000 58.870 390.558 541.416 214.771 20.063 77.107 69.100 27.800 95.900 174.200 372.100 713.380 194.070 1072.091 1.027 2.989
3.410 8.504 1.508 1.332 1.000 1.000 2.000 63.770 393.407 625.332 256.181 23.483 83.773 94.537 38.490 151.450 2935.080 447.550 780.860 240.283 1178.889 1.223 3.496
3.610 9.153 1.500 1.216 1.000 1.000 2.300 61.756 392.504 516.155 233.272 20.937 79.637 64.733 27.947 134.000 203.460 355.000 732.940 193.253 1096.659 1.057 3.293
3.754 9.799 1.536 1.249 1.000 1.000 2.500 37.498 105.621 393.587 158.470 17.310 51.670 45.270 17.987 80.700 184.380 297.150 559.700 132.237 584.380 0.867 2.223
3.367 7.399 1.633 0.999 1.000 1.000 3.000 44.318 124.517 665.099 279.141 21.023 65.213 114.080 56.090 163.550 2476.440 563.800 1541.740 256.407 959.445 1.253 2.871
3.131 7.589 1.817 1.183 1.000 2.000 3.000 46.182 149.066 683.518 283.634 23.690 78.357 127.780 60.603 174.450 2476.440 848.000 1541.740 290.430 987.975 1.433 3.037
3.421 11.717 1.842 1.221 1.000 2.000 3.000 39.868 146.758 609.081 247.829 20.583 75.000 102.343 49.913 135.300 2166.180 698.400 1440.060 247.840 860.905 1.253 2.466
3.741 17.192 1.782 1.116 1.000 2.000 3.000 39.554 141.620 609.081 247.829 19.517 69.943 102.343 49.913 135.300 2166.180 621.750 1440.060 241.717 860.977 1.210 2.472
3.339 14.529 1.746 1.071 1.000 2.000 3.000 40.212 146.094 609.081 247.829 20.630 74.820 102.343 49.913 135.300 2166.180 621.750 1440.060 247.707 860.873 1.253 2.477
3.833 19.843 1.722 0.867 1.000 2.000 3.000 32.378 137.132 167.230 55.092 17.127 64.413 13.700 4.513 80.000 134.000 395.050 533.260 99.753 292.530 0.867 1.690
3.782 18.171 1.643 0.765 1.000 2.000 3.000 32.081 132.046 0.000 0.000 16.767 62.763 0.000 0.000 80.000 134.000 351.050 527.020 79.530 155.994 0.803 1.471
3.197 12.355 1.721 0.922 1.000 2.000 3.000 34.952 142.696 0.000 0.000 19.787 73.303 0.000 0.000 94.000 134.000 352.050 532.280 93.090 170.902 0.960 1.681
2.735 7.812 1.701 0.896 1.000 2.000 3.000 36.295 144.552 0.000 0.000 21.833 79.570 0.000 0.000 95.300 134.000 352.900 532.280 101.403 174.327 1.043 1.709
2.721 6.790 1.691 0.890 1.000 2.000 3.000 35.512 152.772 265.715 132.050 21.787 83.027 15.367 7.637 120.000 134.000 371.350 705.720 127.817 440.736 1.127 2.103
2.794 4.428 1.618 0.766 1.000 2.000 3.000 76.605 153.339 265.715 132.050 24.910 83.697 15.367 7.637 95.300 134.480 370.050 705.720 131.610 447.204 1.120 2.105
2.779 4.584 1.609 0.876 1.000 1.800 3.000 76.964 143.322 398.744 193.559 25.470 80.720 39.870 21.287 120.000 174.200 398.000 746.020 167.347 595.017 1.187 2.259
2.779 4.701 1.632 0.762 1.000 2.000 2.300 76.686 146.892 398.744 193.559 25.470 82.580 39.870 21.287 120.000 163.220 441.100 745.360 169.207 595.504 1.187 2.219
2.557 3.761 1.754 0.997 1.000 2.000 3.000 78.456 168.495 398.744 193.559 28.823 95.980 39.870 21.287 134.000 174.000 522.250 811.140 185.960 600.784 1.323 2.313
2.380 3.137 1.871 1.026 1.000 2.000 3.000 78.706 173.052 298.573 142.255 30.957 103.980 24.503 13.650 134.000 163.220 522.250 796.300 173.090 451.783 1.367 2.038
2.026 1.506 1.870 1.022 1.000 2.000 3.000 93.057 176.226 453.151 242.182 34.437 109.487 62.607 34.760 160.000 1470.600 588.150 873.440 241.290 688.401 1.563 2.368
1.935 1.359 1.961 1.154 1.000 2.000 3.400 102.568 179.301 463.272 226.774 36.937 116.263 63.627 31.837 135.300 1470.600 611.350 873.440 248.663 724.617 1.627 2.519
1.937 1.680 1.837 1.136 1.000 2.000 3.000 102.416 170.835 1131.813 1505.357 35.917 111.287 128.403 120.283 160.000 1604.940 611.350 896.980 395.890 2627.600 1.813 4.539
2.000 1.975 1.821 1.122 1.000 2.000 3.000 110.632 149.056 1232.210 1528.972 34.560 96.320 202.950 163.157 1473.000 3141.360 868.250 2045.780 496.987 2728.697 1.907 4.800
2.701 23.553 1.776 1.189 1.000 2.000 3.000 110.574 128.481 1232.210 1528.972 30.340 74.277 202.950 163.157 1473.000 3141.360 826.200 2045.780 470.723 2730.943 1.673 4.787
3.500 30.078 1.702 1.192 1.000 1.600 3.000 72.421 122.283 1188.627 1518.144 22.400 63.690 164.847 142.047 134.000 2888.480 562.150 1501.380 392.983 2686.966 1.400 4.642
4.833 59.014 1.447 0.588 1.000 1.000 2.000 55.410 99.856 1149.543 1514.824 15.340 42.590 139.323 131.320 134.000 2098.560 382.300 1012.780 328.573 2652.515 1.073 4.445
6.917 74.132 1.417 0.576 1.000 1.000 2.500 54.016 81.937 506.443 286.303 12.007 27.660 74.547 42.873 95.300 2039.120 227.600 931.460 157.087 795.624 0.653 2.140
9.464 92.034 1.296 0.357 1.000 1.000 2.000 39.467 82.952 858.437 11009.998 9.770 22.550 76.440 655.947 40.600 134.800 169.550 450.480 764.707 11518.475 1.223 13.160
6.474 51.091 1.459 0.627 1.000 1.000 3.000 41.104 116.053 1067.403 11612.742 11.903 36.773 180.570 997.233 174.000 3103.700 496.450 1814.040 1226.480 12137.048 1.947 13.926
5.209 43.328 1.767 1.434 1.000 2.000 3.000 44.561 133.702 1778.672 11702.507 15.577 50.607 415.377 1182.793 2903.950 6302.060 1584.950 5282.700 1664.353 12402.503 2.763 14.568
3.811 20.304 1.885 1.641 1.000 2.000 3.000 47.298 148.023 5027.189 14217.608 19.850 64.700 866.530 1825.817 3403.100 7054.560 1966.050 10505.400 2776.897 17725.941 4.343 20.798
2.905 13.420 1.857 1.519 1.000 2.000 3.000 48.759 158.236 5028.354 14215.942 23.397 79.873 902.970 1848.457 3403.100 7054.560 2027.750 10505.400 2854.697 17720.233 4.643 20.788
2.296 4.490 1.903 1.616 1.000 2.000 3.000 41.791 164.606 4970.362 9078.831 25.943 97.023 846.700 1202.650 3000.000 6302.060 1883.200 9209.140 2172.317 13577.085 4.063 16.320
2.042 2.679 2.125 2.193 1.000 2.000 4.000 43.465 174.249 4952.505 8303.083 30.830 117.023 804.297 899.107 2625.950 5289.720 1778.950 3819.220 1851.257 13063.062 3.917 15.808
1.959 1.738 2.151 1.854 1.000 2.000 4.000 42.113 244.606 4852.736 8225.151 30.997 127.480 695.277 805.757 2263.200 3937.540 1593.600 2251.920 1659.510 12977.983 3.683 15.746
1.840 1.574 2.160 1.788 1.000 2.000 4.000 40.978 243.412 1194.867 1080.319 31.883 134.300 307.997 190.400 2100.200 3175.320 1263.650 1879.760 664.580 2410.815 2.520 5.133
1.831 1.577 2.429 2.702 1.000 2.000 4.100 42.135 250.930 1212.399 1079.035 33.623 141.923 340.963 201.330 2099.250 3175.320 1275.050 1879.760 717.840 2414.473 2.697 5.156
1.699 1.306 2.411 2.571 1.000 2.000 4.000 42.442 258.674 1225.187 1820.015 34.557 147.447 365.117 296.317 2099.250 3175.320 1387.750 2110.260 843.437 2847.660 2.950 5.554
1.781 1.404 2.297 2.263 1.000 2.000 4.000 40.651 252.507 1178.851 1804.574 32.423 137.213 323.940 265.343 2099.000 2591.920 1213.500 1790.580 758.920 2788.449 2.697 5.326
1.811 1.397 2.243 2.725 1.000 2.000 4.000 39.385 608.481 730.580 4561.881 32.100 159.137 241.803 446.470 2095.150 2174.980 1213.500 1794.440 879.510 4822.196 2.807 6.781
1.944 1.719 2.254 2.978 1.000 2.000 5.000 38.225 607.726 1054.594 7152.225 30.233 151.563 246.143 865.397 2095.200 2321.440 1214.100 2351.860 1293.337 7900.816 3.283 11.155
1.960 1.665 2.040 1.932 1.000 2.000 3.600 37.828 605.619 1073.386 7152.363 28.813 144.503 246.707 866.973 2095.000 2347.800 1345.300 2351.860 1286.997 7906.383 3.197 11.152
2.183 2.234 2.042 1.815 1.000 2.000 3.000 36.339 602.068 1055.446 7008.210 26.367 133.870 237.157 783.000 2078.850 2295.520 1345.300 1989.020 1180.393 7767.042 2.890 10.930
2.352 2.622 1.873 1.744 1.000 2.000 3.000 36.195 599.445 1065.901 7008.068 24.280 120.433 246.610 785.213 2098.050 2321.440 1345.300 1989.020 1176.537 7769.716 2.780 10.939
2.953 5.763 1.708 1.038 1.000 2.000 3.000 33.401 124.900 1017.676 5543.839 19.700 69.850 202.960 511.877 2038.000 2181.260 998.950 1580.740 804.387 6366.682 2.047 9.288
2.779 5.584 1.657 0.912 1.000 1.000 3.000 34.406 151.567 761.149 358.805 20.187 77.687 176.220 86.743 1985.750 2181.260 964.500 1562.340 360.837 1115.335 1.497 2.956
2.897 5.681 1.515 0.809 1.000 1.000 3.000 32.366 145.888 647.342 302.562 18.807 73.900 106.250 51.597 134.950 2099.800 601.650 1100.480 250.553 958.640 1.250 2.691
2.831 5.352 1.394 0.690 1.000 1.000 3.000 31.166 142.582 633.249 305.881 17.833 70.693 84.073 40.207 120.000 2098.020 472.600 825.200 212.807 957.961 1.150 2.731
2.970 7.283 1.507 0.937 1.000 1.000 3.000 32.664 709.632 618.322 323.563 18.360 114.197 66.677 38.767 94.000 134.800 462.500 933.600 238.000 1184.172 1.177 2.878
2.541 4.465 1.514 0.898 1.000 1.000 3.000 35.640 711.715 655.614 350.079 21.427 127.270 79.507 46.627 120.000 174.480 571.350 990.900 274.830 1240.638 1.413 3.290
2.520 4.250 1.480 0.810 1.000 1.000 2.600 35.279 709.118 378.439 254.830 21.253 122.357 38.273 27.393 94.900 160.000 399.300 748.680 209.277 960.788 1.253 2.675
2.351 4.124 1.526 0.865 1.000 1.000 3.000 35.314 710.113 378.439 254.830 22.453 130.790 38.273 27.393 80.700 160.000 466.000 748.680 218.910 960.965 1.310 2.662
2.179 3.840 1.646 1.216 1.000 1.000 3.000 78.495 711.022 310.514 191.784 29.187 139.810 25.677 17.630 94.900 174.480 466.000 746.260 212.303 886.421 1.410 2.617
1.929 1.709 1.643 1.134 1.000 1.000 3.000 77.498 164.239 221.876 141.137 29.680 106.747 13.070 10.087 80.000 160.000 465.000 672.460 159.583 434.278 1.387 2.355
1.845 1.297 1.726 1.223 1.000 2.000 3.000 78.171 168.369 4.150 38.503 31.593 113.093 0.240 2.227 112.400 160.000 465.000 671.640 147.153 223.478 1.407 1.957
1.817 1.076 1.864 1.599 1.000 2.000 4.000 79.657 165.725 409.051 215.696 33.310 119.647 51.303 26.190 134.000 334.780 487.300 857.720 230.450 672.379 1.630 2.518
1.910 1.287 1.936 1.650 1.000 2.000 4.000 79.756 161.842 409.051 215.696 33.490 114.323 51.303 26.190 134.000 334.780 482.250 857.720 225.307 671.839 1.637 2.540
2.079 1.652 1.844 1.404 1.000 2.000 3.400 39.240 155.110 461.961 246.481 27.290 105.303 64.370 36.113 120.700 351.420 512.550 993.060 233.077 735.988 1.577 2.553
2.284 2.933 1.770 1.312 1.000 2.000 3.000 64.082 410.802 571.829 322.922 29.050 122.030 84.077 48.300 134.000 2039.040 512.550 1137.840 283.457 1221.869 1.647 3.599
2.500 3.621 1.786 1.511 1.000 2.000 3.100 62.062 405.988 571.829 322.922 26.117 112.337 84.077 48.300 120.700 2039.040 469.650 1137.840 270.830 1220.827 1.490 3.499
2.500 3.778 1.690 1.031 1.000 2.000 3.000 60.291 406.743 403.767 242.718 24.487 107.290 32.773 22.110 95.300 134.000 402.850 614.760 186.660 1045.284 1.280 3.163
2.879 6.107 1.667 0.980 1.000 2.000 3.000 62.606 405.174 403.767 242.718 23.917 101.123 32.773 22.110 120.000 160.280 365.850 577.740 179.923 1045.460 1.217 3.182
3.333 8.322 1.667 1.089 1.000 1.000 3.000 62.066 405.312 340.760 210.727 22.050 95.943 19.707 12.187 80.000 134.520 362.100 499.800 149.887 995.908 1.043 3.014
3.500 9.905 1.702 1.016 1.000 2.000 3.000 37.204 132.240 0.000 0.000 19.003 70.410 0.000 0.000 80.000 134.000 362.100 443.480 89.413 162.129 0.890 1.628
3.210 9.488 1.656 0.816 1.000 2.000 3.000 38.540 143.775 0.000 0.000 20.423 76.907 0.000 0.000 80.000 134.520 383.850 539.420 97.330 175.302 0.970 1.725
3.033 9.605 1.917 1.976 1.000 2.000 3.100 41.723 152.698 604.077 2511.881 23.840 88.193 106.267 230.880 199.050 2124.860 676.450 1151.400 449.180 2824.366 1.627 4.631
2.800 7.022 1.815 1.781 1.000 2.000 3.000 37.593 149.619 722.865 2518.827 22.630 86.827 155.917 255.100 573.200 3319.040 867.850 1880.400 520.473 2882.020 1.743 4.804
2.388 4.715 2.090 2.499 1.000 2.000 4.000 40.346 163.981 843.351 9946.958 27.877 107.137 249.310 858.293 2096.100 3523.300 1314.750 2381.100 1242.617 10253.640 2.920 12.361
2.279 2.378 2.132 2.468 1.000 2.000 4.000 41.717 601.027 1447.678 16181.065 28.630 141.873 400.027 1674.460 2171.800 4084.340 1875.150 2823.920 2244.990 17016.484 4.170 19.969
2.318 2.490 2.227 2.448 1.000 2.000 4.000 40.857 598.618 1507.498 16178.536 27.297 132.973 498.247 1715.010 2743.050 4934.060 1899.200 2823.920 2373.527 17015.143 4.340 19.983
2.515 2.632 1.925 1.711 1.000 2.000 3.400 37.810 597.024 1419.760 16003.136 23.393 118.857 412.540 1494.957 2172.450 3832.340 1690.700 2376.680 2049.747 16819.795 3.693 19.611
2.500 2.662 1.940 1.668 1.000 2.000 3.000 38.936 600.814 1387.504 16003.913 24.593 128.587 375.960 1480.490 2136.350 3295.300 1549.150 2376.680 2009.630 16818.038 3.700 19.610
2.412 2.595 2.030 6.835 1.000 2.000 3.000 42.305 600.864 1497.127 19731.054 26.900 130.497 436.693 2071.627 2332.500 4019.720 1737.100 2416.640 2665.717 20450.217 4.473 22.135
2.232 2.178 2.116 7.030 1.000 2.000 3.200 40.808 180.865 1088.911 15067.234 28.900 110.197 391.320 1304.993 2332.500 3903.000 1686.400 2283.080 1835.410 15325.225 3.660 15.697
2.348 3.409 2.164 7.391 1.000 2.000 3.400 41.630 186.041 1092.359 15097.604 29.613 112.980 372.220 1351.207 2334.350 4006.720 1671.750 2392.140 1866.020 15364.212 3.743 15.822
2.406 6.679 2.317 7.772 1.000 2.000 4.000 41.700 180.045 3890.891 15725.331 29.167 108.473 618.980 1629.157 3058.650 4831.060 1763.500 2822.800 2385.777 17379.432 4.373 18.383
2.305 7.127 2.780 9.697 1.000 2.000 6.000 42.627 739.985 3895.239 15723.731 32.147 155.450 660.440 1655.197 3058.650 4831.060 1785.550 3563.940 2503.233 17384.512 4.657 18.373
2.393 6.894 2.525 5.167 1.000 2.000 6.000 40.042 739.003 4055.072 14159.976 28.273 145.450 744.483 1697.870 3548.200 5554.080 2307.750 15922.340 2616.077 16676.139 4.793 19.964
2.857 8.730 2.500 5.143 1.000 2.000 6.000 39.572 735.390 4103.269 14655.703 25.427 132.200 701.083 1914.123 3058.650 5554.080 3557.700 18407.540 2772.833 17158.297 4.893 20.822
2.860 7.454 2.362 4.852 1.000 2.000 4.600 38.268 734.772 4196.761 16255.822 23.780 128.030 846.813 2730.423 5141.550 6864.660 5967.500 37581.400 3729.047 18736.050 5.950 22.539
2.550 3.681 2.492 4.860 1.000 2.000 6.000 38.789 740.504 2084.180 15737.739 24.793 138.413 715.653 2631.007 5156.300 8468.360 8096.550 36392.460 3509.867 17001.258 5.787 20.660
2.516 3.637 2.323 3.509 1.000 2.000 4.000 38.586 177.739 2068.994 15741.658 24.927 101.497 661.123 2595.213 5156.300 8468.360 7764.900 36392.460 3382.760 17000.047 5.573 20.632
2.698 4.242 2.097 1.829 1.000 2.000 4.000 36.224 174.880 1599.375 8409.504 22.447 93.400 422.953 1358.210 2785.550 5639.940 1498.850 25506.640 1897.010 9157.649 3.570 11.634
2.441 3.188 2.000 1.851 1.000 2.000 4.000 37.658 174.790 1373.656 7498.990 23.473 94.687 361.010 1092.423 2777.250 5531.140 1309.250 14667.620 1571.593 8185.422 3.080 9.914
2.362 3.159 1.957 2.012 1.000 2.000 4.000 101.066 191.903 1041.444 1767.124 35.830 107.047 214.183 226.233 2010.000 3044.300 925.650 1813.280 583.293 2316.632 2.013 4.031
2.485 3.662 1.955 2.311 1.000 2.000 4.000 101.185 169.968 605.507 303.772 35.927 99.020 78.023 36.873 160.700 878.960 575.300 870.080 249.843 965.630 1.520 2.792
2.815 4.858 1.773 1.782 1.000 2.000 3.500 100.818 156.988 642.752 327.958 31.873 81.820 90.997 47.230 174.000 2022.900 575.300 1027.140 251.920 1019.351 1.367 2.883
2.887 4.971 1.921 2.422 1.000 2.000 4.000 108.605 163.176 676.150 344.839 34.920 82.330 109.527 55.453 198.050 2949.800 660.300 1218.880 282.230 1052.660 1.427 2.923
2.984 5.623 1.934 2.389 1.000 2.000 4.000 107.868 154.884 724.187 366.932 33.407 76.730 124.897 62.893 198.050 2989.980 662.650 1465.020 297.927 1118.007 1.417 3.036
3.463 9.397 2.093 2.343 1.000 2.000 4.000 71.049 135.797 574.096 824.527 24.897 67.357 99.833 97.763 192.300 2563.060 507.850 1522.980 289.850 1174.160 1.353 2.959
3.375 8.949 1.982 1.803 1.000 2.000 4.000 70.439 133.897 639.650 841.325 24.453 68.393 142.337 124.463 826.850 2563.060 996.050 1920.560 359.647 1269.585 1.463 3.154
2.917 7.910 2.083 2.176 1.000 2.000 4.000 84.195 157.982 674.692 843.042 31.643 86.217 175.390 134.147 2038.000 2617.940 1001.500 2193.780 427.397 1303.797 1.773 3.331
2.758 7.216 2.081 1.752 1.000 2.000 4.000 86.707 150.637 833.668 864.387 32.677 87.937 229.483 157.973 2120.950 3211.080 1087.250 2267.400 508.070 1484.955 1.990 3.793
2.656 6.569 2.063 1.837 1.000 2.000 4.000 86.812 153.726 1159.917 1060.925 32.943 89.940 287.450 201.653 2204.350 3611.320 1196.550 2310.640 611.987 1922.590 2.193 4.501
2.500 4.721 1.884 1.523 1.000 2.000 3.200 86.417 160.895 1135.168 737.304 33.053 93.550 259.737 144.527 2178.050 2994.500 1055.600 2267.840 530.867 1747.223 2.043 4.272
2.636 5.110 1.909 1.567 1.000 2.000 3.000 86.470 166.245 1104.093 718.822 31.987 92.167 217.233 117.827 2009.750 2994.500 951.600 2096.480 459.213 1687.156 1.873 4.151
2.892 5.511 1.697 1.120 1.000 2.000 3.000 87.279 140.335 1107.271 723.991 27.170 71.993 196.930 111.250 214.850 3066.760 767.400 2096.480 407.343 1711.813 1.590 4.155
2.969 5.999 1.746 1.205 1.000 2.000 3.000 75.066 155.782 1238.761 723.177 25.223 80.020 180.673 98.167 136.000 2952.520 476.950 1775.600 384.083 1856.730 1.563 4.416
2.952 6.111 1.887 1.681 1.000 2.000 3.000 89.804 167.038 1046.804 392.624 30.600 91.010 183.267 71.427 200.700 3057.620 762.400 1775.600 376.303 1515.984 1.647 3.965
2.859 5.058 1.857 1.868 1.000 1.200 3.000 77.622 159.451 1049.996 393.221 27.843 90.217 189.023 80.893 245.250 3057.620 771.750 1807.860 387.977 1489.265 1.677 3.925
2.500 4.050 1.812 1.805 1.000 1.000 3.200 91.593 154.021 1091.925 430.096 31.640 93.710 213.760 93.937 1577.750 4563.520 814.900 1949.800 433.047 1583.221 1.840 4.329
2.414 3.814 1.899 2.323 1.000 1.000 3.200 78.482 167.733 1048.224 399.793 31.407 105.353 188.037 80.473 245.250 3020.380 775.250 1778.460 405.270 1496.121 1.880 4.117
2.300 3.239 2.014 3.290 1.000 1.000 4.000 109.878 177.549 1326.205 1490.868 38.440 108.707 306.183 247.133 2866.600 5166.220 1176.750 3105.900 700.463 2720.177 2.443 5.917
2.188 2.530 2.129 3.226 1.000 2.000 4.000 99.862 193.260 1252.715 1486.816 37.903 117.237 280.643 245.927 2183.150 4836.620 1295.250 3105.900 681.710 2665.323 2.473 5.806
2.000 1.942 2.382 5.530 1.000 2.000 4.300 100.276 212.270 1225.049 1485.587 41.237 131.910 267.773 239.400 2044.150 4028.120 1214.000 3184.300 680.320 2644.283 2.597 5.750
2.074 2.156 2.373 5.607 1.000 2.000 4.400 103.017 218.341 1253.108 1485.129 41.227 133.980 274.110 239.157 2044.150 4028.120 1214.000 3185.480 688.473 2669.422 2.600 5.817
2.119 2.016 2.358 5.245 1.000 2.000 4.400 103.260 211.387 1253.108 1485.129 40.027 128.163 274.110 239.157 2044.150 4028.120 1214.000 3185.480 681.457 2670.154 2.537 5.814
2.246 2.331 2.101 4.120 1.000 2.000 4.000 68.409 194.815 552.502 301.323 31.307 117.013 99.597 53.530 200.700 2040.460 732.500 1351.880 301.447 922.906 1.727 3.160
2.286 2.576 1.972 2.760 1.000 2.000 4.000 83.328 179.934 556.811 295.089 32.370 111.417 75.757 41.057 134.000 1358.640 607.800 1067.780 260.600 953.005 1.633 3.229
2.250 2.438 1.917 2.465 1.000 1.000 3.900 85.529 192.687 528.167 224.492 34.323 119.333 57.623 23.500 120.700 240.280 620.150 777.800 234.780 893.264 1.707 3.441
2.441 4.658 2.000 2.836 1.000 1.000 5.400 82.725 205.238 329.903 140.255 35.630 123.197 26.550 10.700 134.000 200.800 620.150 759.260 196.077 598.286 1.667 2.879
2.471 5.808 1.970 2.507 1.000 1.000 4.400 83.519 210.948 329.903 140.255 37.410 127.967 26.550 10.700 135.300 200.000 636.150 759.260 202.627 601.068 1.740 2.945
2.485 5.613 2.092 2.761 1.000 2.000 5.600 84.085 238.656 329.903 140.255 38.870 143.170 26.550 10.700 160.000 200.000 673.300 961.080 219.290 611.898 1.857 3.023
2.576 6.002 1.970 2.272 1.000 2.000 3.500 70.337 239.335 827.528 5235.816 36.430 140.617 82.827 380.737 160.000 291.400 698.150 1076.100 640.610 5624.689 2.463 8.048
2.627 6.115 1.851 1.769 1.000 2.000 3.000 67.517 220.204 827.528 5235.816 33.190 127.913 82.827 380.737 160.000 226.720 677.100 961.280 624.667 5624.874 2.263 7.939
2.464 2.915 1.884 1.552 1.000 2.000 3.000 46.952 207.586 827.528 5235.816 30.363 126.410 82.827 380.737 160.000 200.280 610.650 848.260 620.337 5624.441 2.263 7.925
2.642 3.633 1.809 1.508 1.000 2.000 3.000 47.330 769.716 827.528 5235.816 28.897 165.530 82.827 380.737 134.000 214.520 661.800 1077.480 657.990 5671.539 2.243 8.002
2.423 3.145 1.829 1.713 1.000 2.000 3.000 46.169 764.312 827.528 5235.816 29.123 157.620 82.827 380.737 134.000 214.520 576.200 1077.480 650.307 5671.269 2.220 7.975
2.389 3.099 1.778 1.534 1.000 2.000 3.000 64.822 846.230 337.129 207.672 29.867 172.220 19.497 12.010 120.000 160.280 538.350 750.480 233.593 1239.465 1.547 3.313
2.662 3.547 1.776 1.666 1.000 1.600 3.400 63.299 845.183 337.129 207.672 26.747 158.767 19.497 12.010 82.000 134.480 461.050 673.560 217.020 1238.378 1.377 3.238
2.818 3.997 1.727 1.623 1.000 1.000 3.000 62.741 845.260 337.129 207.672 25.460 156.440 19.497 12.010 82.000 134.000 429.650 738.580 213.407 1238.311 1.293 3.179
2.938 7.496 1.778 1.760 1.000 1.000 3.800 61.693 403.736 337.129 207.672 24.317 108.620 19.497 12.010 80.000 134.480 400.200 621.040 164.443 982.750 1.180 2.927
3.063 8.536 1.726 1.554 1.000 1.000 3.900 61.664 399.932 337.129 207.672 23.297 104.597 19.497 12.010 82.000 134.480 404.050 621.040 159.400 981.236 1.120 2.907
3.246 8.874 1.672 1.270 1.000 1.000 4.000 74.755 152.758 0.000 0.000 23.107 82.353 0.000 0.000 80.000 134.480 404.050 521.080 105.460 193.249 0.950 1.600
2.985 8.631 1.631 1.125 1.000 1.000 3.000 74.961 153.064 0.000 0.000 24.047 85.023 0.000 0.000 80.000 134.520 404.050 537.600 109.070 195.083 1.007 1.655
2.806 7.858 1.672 1.146 1.000 1.000 3.400 74.278 142.034 0.000 0.000 24.313 82.270 0.000 0.000 80.000 134.000 370.200 479.180 106.583 184.630 1.020 1.592
2.473 4.114 1.581 1.000 1.000 1.000 3.000 73.206 141.241 0.000 0.000 24.077 85.093 0.000 0.000 80.000 134.000 365.200 443.900 109.170 183.065 1.020 1.508
2.405 3.484 1.671 1.097 1.000 1.000 3.800 74.283 151.286 0.000 0.000 25.677 93.853 0.000 0.000 80.000 134.000 411.150 567.980 119.530 193.912 1.123 1.664
2.205 2.881 1.662 1.003 1.000 1.000 3.000 34.639 153.236 0.000 0.000 23.127 99.453 0.000 0.000 80.000 120.280 435.100 567.980 122.580 180.664 1.173 1.660
2.224 2.332 1.747 1.149 1.000 2.000 3.600 38.921 195.398 0.000 0.000 25.480 117.793 0.000 0.000 80.700 134.000 470.900 666.520 143.273 225.849 1.307 1.935
2.130 2.243 1.766 1.088 1.000 2.000 3.000 38.790 196.087 0.000 0.000 25.833 119.763 0.000 0.000 80.000 134.000 488.250 666.520 145.597 226.076 1.327 1.925
2.117 1.740 1.779 1.055 1.000 2.000 3.000 39.438 199.634 0.000 0.000 26.547 121.260 0.000 0.000 80.700 134.000 494.000 666.520 147.807 230.231 1.353 1.948
2.452 4.001 1.658 0.801 1.000 2.000 3.000 36.363 190.755 0.000 0.000 22.500 101.643 0.000 0.000 80.000 132.040 448.150 621.900 124.143 219.253 1.137 1.816
2.672 4.280 1.779 0.907 1.000 2.000 3.000 36.839 195.676 265.830 131.532 22.547 103.573 15.373 7.607 80.000 134.000 483.250 843.400 149.100 456.664 1.183 2.166
2.636 5.413 1.881 1.329 1.000 2.000 3.400 34.926 165.509 265.830 131.532 22.727 97.733 15.373 7.607 80.700 134.000 459.750 685.240 143.440 442.887 1.177 2.054
2.687 5.379 1.818 1.421 1.000 2.000 3.500 35.267 169.230 265.830 131.532 22.193 99.267 15.373 7.607 94.000 134.000 431.450 689.160 144.440 444.765 1.157 2.081
3.050 9.081 1.918 1.452 1.000 2.000 4.000 35.138 165.779 265.830 131.532 21.793 98.277 15.373 7.607 94.000 134.000 431.450 685.080 143.050 443.299 1.143 2.092
2.522 5.951 1.955 1.446 1.000 2.000 4.000 36.815 171.421 265.830 131.532 24.993 114.240 15.373 7.607 95.300 160.000 474.250 685.080 162.213 445.761 1.307 2.160
2.500 6.074 1.884 1.639 1.000 2.000 4.000 40.425 174.531 0.000 0.000 26.493 117.880 0.000 0.000 120.000 160.000 486.250 624.720 144.373 210.123 1.320 1.932
2.377 5.017 1.943 1.654 1.000 2.000 4.000 38.503 178.177 0.000 0.000 26.000 119.487 0.000 0.000 95.300 134.000 498.350 660.580 145.487 209.829 1.303 1.823
2.515 5.250 2.030 2.060 1.000 2.000 4.000 40.797 182.648 0.000 0.000 26.887 122.190 0.000 0.000 120.000 160.000 539.100 660.780 149.077 216.580 1.340 1.919
2.169 2.056 2.086 2.764 1.000 2.000 4.100 40.381 188.092 0.000 0.000 28.440 132.547 0.000 0.000 120.000 134.520 541.900 674.500 160.987 221.478 1.437 1.916
2.113 1.875 2.083 2.910 1.000 2.000 5.000 41.891 188.556 0.000 0.000 29.420 131.583 0.000 0.000 120.000 134.520 557.100 674.500 161.003 222.728 1.487 2.027
2.071 1.752 2.183 2.685 1.000 2.000 4.000 39.329 177.060 0.000 0.000 28.540 125.483 0.000 0.000 95.300 134.000 494.700 668.120 154.023 208.163 1.457 1.939
2.096 2.087 2.042 2.318 1.000 2.000 4.000 38.891 160.662 0.000 0.000 27.613 112.867 0.000 0.000 94.000 134.000 452.150 567.200 140.480 192.623 1.400 1.906
2.123 2.053 1.959 1.931 1.000 2.000 4.000 37.005 167.650 0.000 0.000 26.593 111.430 0.000 0.000 80.000 120.280 452.150 633.700 138.023 196.669 1.357 1.823
1.974 1.789 1.974 1.157 1.000 2.000 3.000 39.388 187.239 0.000 0.000 28.860 120.327 0.000 0.000 95.300 134.520 467.350 661.600 149.187 218.405 1.473 1.976
1.910 1.902 1.961 0.998 1.000 2.000 3.000 38.710 193.679 0.000 0.000 29.393 124.273 0.000 0.000 120.000 134.520 468.800 692.320 153.667 224.092 1.483 1.898
1.914 1.709 1.812 0.977 1.000 2.000 3.000 38.846 202.331 262.199 128.880 28.993 125.617 15.163 7.453 120.000 134.520 544.200 757.380 177.227 491.246 1.527 2.439
1.848 1.572 1.949 1.314 1.000 2.000 3.000 40.069 211.234 262.199 128.880 31.260 138.377 15.163 7.453 120.000 160.000 596.550 776.240 192.253 495.236 1.633 2.476
1.747 1.809 2.025 1.949 1.000 2.000 4.000 39.296 202.988 262.199 128.880 32.193 140.087 15.163 7.453 120.000 134.520 585.300 757.260 194.897 490.916 1.680 2.465
1.850 2.028 1.924 1.994 1.000 2.000 4.000 40.004 193.706 262.199 128.880 30.640 133.000 15.163 7.453 120.000 134.520 553.650 723.680 186.257 487.414 1.573 2.448
1.959 2.417 2.095 3.356 1.000 2.000 4.000 39.597 190.617 262.199 128.880 31.433 138.897 15.163 7.453 120.000 134.000 553.650 712.220 192.947 485.702 1.640 2.441
1.930 2.460 2.264 3.528 1.000 2.000 4.000 39.344 191.640 0.000 0.000 32.947 143.650 0.000 0.000 120.000 134.000 549.150 723.940 176.597 223.256 1.660 1.986
1.986 2.180 2.151 3.169 1.000 2.000 3.800 37.811 182.230 0.000 0.000 30.767 134.527 0.000 0.000 94.000 120.280 507.250 641.020 165.293 212.995 1.547 1.910
1.959 1.958 2.095 2.707 1.000 2.000 4.000 152.615 662.371 1197.724 639.168 44.107 192.160 70.443 42.633 120.000 175.320 613.150 1014.320 349.343 1842.647 1.893 3.504
1.899 1.888 2.449 3.523 1.000 2.000 4.000 152.281 666.470 1217.093 654.179 45.527 207.463 83.670 54.317 120.700 201.080 775.600 1235.080 390.977 1868.649 2.053 3.586
1.822 1.352 2.288 2.178 1.000 2.000 4.000 152.463 669.382 1217.093 654.179 45.040 208.843 83.670 54.317 134.000 201.080 809.100 1235.080 391.870 1869.788 2.007 3.580
1.716 1.230 2.338 2.224 1.000 2.000 4.000 152.516 672.533 1217.093 654.179 46.060 216.503 83.670 54.317 134.000 201.080 808.700 1438.020 400.550 1870.483 2.053 3.578
1.568 1.002 2.486 2.736 1.000 2.000 4.000 152.863 673.456 1217.093 654.179 50.240 234.350 83.670 54.317 134.500 214.800 860.400 1438.020 422.577 1869.297 2.277 3.619
1.514 0.778 2.616 3.223 1.000 2.200 5.000 42.015 240.705 220.539 142.863 39.473 189.520 13.227 11.683 120.000 174.000 774.550 921.280 253.903 420.541 2.073 2.275
1.644 1.161 2.432 2.570 1.000 2.000 4.000 43.370 220.129 0.000 0.000 38.580 168.733 0.000 0.000 120.000 160.280 614.600 818.560 207.313 254.008 1.920 2.083
1.648 1.496 2.577 4.188 1.000 2.000 5.000 44.062 223.549 0.000 0.000 39.773 171.283 0.000 0.000 120.000 160.280 589.300 846.020 211.057 257.321 1.993 2.148
1.775 1.837 2.451 3.741 1.000 2.000 4.000 43.550 215.356 266.060 132.108 37.420 157.840 15.387 7.640 120.000 160.280 589.300 847.420 218.287 474.285 1.930 2.393
1.929 2.009 2.324 3.599 1.000 2.000 4.000 41.290 209.976 266.060 132.108 33.640 143.937 15.387 7.640 120.000 160.000 576.950 818.580 200.603 471.161 1.737 2.311
1.955 2.013 2.561 4.307 1.000 2.000 4.500 76.492 188.789 266.060 132.108 36.283 129.833 15.387 7.640 120.000 160.000 515.650 666.520 189.143 465.510 1.687 2.225
2.190 3.202 2.531 4.593 1.000 2.000 4.700 75.156 191.924 266.060 132.108 34.023 126.523 15.387 7.640 120.000 134.000 509.150 743.780 183.573 466.398 1.590 2.181
2.219 3.077 2.469 3.562 1.000 2.000 4.700 74.492 173.965 768.482 1244.003 32.207 117.027 156.073 128.423 202.650 3509.200 741.050 1588.420 433.730 1780.716 1.933 4.004
2.098 2.777 2.820 5.131 1.000 2.000 6.000 76.873 228.127 723.951 1237.714 37.940 150.370 140.687 120.783 200.000 3016.060 804.950 1583.760 449.780 1739.145 2.193 3.994
2.081 2.881 2.714 4.839 1.000 2.200 6.000 76.827 225.326 723.951 1237.714 37.540 146.647 140.687 120.783 200.000 3016.060 804.950 1583.760 445.657 1739.432 2.167 3.994
2.279 3.545 2.683 4.950 1.000 2.400 6.100 42.405 258.904 723.951 1237.714 32.637 150.790 140.687 120.783 200.000 3016.060 885.650 1821.660 444.897 1743.691 2.087 4.023
2.254 3.174 2.469 4.280 1.000 2.000 4.700 42.018 263.464 723.951 1237.714 31.523 147.760 140.687 120.783 200.000 3016.060 999.250 1821.660 440.753 1745.138 2.040 4.029
2.231 2.978 2.385 4.698 1.000 2.000 4.600 41.746 262.817 0.000 0.000 30.540 145.103 0.000 0.000 120.000 160.000 574.550 807.720 175.643 296.119 1.553 2.140
2.319 2.855 2.000 2.743 1.000 2.000 3.100 41.730 243.058 0.000 0.000 27.287 132.763 0.000 0.000 120.000 134.520 590.800 773.720 160.050 275.398 1.370 1.971
2.171 2.799 2.114 2.873 1.000 2.000 4.000 44.210 260.232 0.000 0.000 30.800 149.853 0.000 0.000 120.700 160.000 650.150 855.060 180.653 295.058 1.587 2.210
1.974 2.077 1.947 2.181 1.000 2.000 4.000 42.294 230.706 0.000 0.000 30.087 143.377 0.000 0.000 120.000 160.000 633.650 809.860 173.463 264.862 1.560 2.126
2.040 3.025 1.986 2.230 1.000 2.000 4.000 41.881 221.206 0.000 0.000 29.687 140.957 0.000 0.000 120.000 134.520 633.000 773.720 170.643 254.672 1.540 2.090
1.961 2.817 1.961 1.643 1.000 2.000 4.000 75.426 219.967 0.000 0.000 33.670 138.097 0.000 0.000 120.000 160.000 625.400 809.860 171.767 260.225 1.553 2.069
1.937 2.743 1.885 1.589 1.000 2.000 4.000 87.834 421.500 359.093 242.680 33.570 140.653 27.130 19.880 120.000 160.000 586.500 738.320 221.233 1010.343 1.613 3.196
2.145 3.071 1.803 1.658 1.000 2.000 3.500 88.341 411.725 466.881 274.213 30.493 120.537 44.477 27.330 80.700 174.000 493.700 714.020 222.837 1089.321 1.433 3.181
2.195 3.300 1.701 1.222 1.000 2.000 3.000 88.815 413.702 466.881 274.213 30.227 120.753 44.477 27.330 95.300 174.000 493.700 792.420 222.787 1090.447 1.427 3.237
1.949 1.744 1.872 1.907 1.000 2.000 4.000 90.182 420.734 466.881 274.213 34.377 135.247 44.477 27.330 120.000 174.520 527.900 960.220 241.430 1092.592 1.630 3.323
2.301 3.224 1.808 1.799 1.000 2.000 3.000 63.641 419.344 466.881 274.213 27.687 125.507 44.477 27.330 120.000 174.000 526.650 804.180 225.000 1091.388 1.497 3.347
2.594 5.198 1.754 1.838 1.000 1.800 3.000 39.633 173.228 299.952 128.823 23.347 93.077 17.347 7.450 120.000 151.460 427.250 767.000 141.220 467.738 1.207 2.102
2.794 5.781 1.594 1.285 1.000 1.000 2.000 35.375 170.169 0.000 0.000 21.083 88.977 0.000 0.000 92.100 134.000 427.250 705.960 110.060 197.728 1.087 1.872
3.016 6.140 1.672 1.689 1.000 1.000 3.000 34.943 161.661 0.000 0.000 20.457 82.047 0.000 0.000 92.100 134.000 408.950 673.340 102.503 187.416 1.007 1.751
3.349 6.418 1.435 0.730 1.000 1.000 2.000 29.893 146.865 0.000 0.000 16.440 69.917 0.000 0.000 80.000 132.040 382.200 539.240 86.357 169.347 0.850 1.645
3.365 7.692 1.397 0.716 1.000 1.000 2.000 30.773 144.116 0.000 0.000 16.667 69.523 0.000 0.000 80.000 134.000 417.650 491.220 86.190 166.979 0.843 1.579
2.970 5.880 1.507 0.877 1.000 1.000 3.000 34.971 164.836 0.000 0.000 20.307 85.737 0.000 0.000 80.600 134.000 446.000 607.200 106.043 191.795 1.053 1.850
2.866 5.639 1.636 1.262 1.000 1.000 4.000 74.015 584.746 265.416 171.353 25.880 123.207 25.647 17.543 120.000 174.800 457.750 738.700 192.277 750.679 1.257 2.374
2.940 5.668 1.561 0.913 1.000 1.000 3.000 74.166 584.757 265.416 171.353 25.127 121.560 25.647 17.543 120.000 174.800 457.750 738.700 189.877 751.146 1.237 2.390
2.924 6.919 1.621 1.144 1.000 1.000 3.500 74.815 582.352 265.416 171.353 26.327 121.307 25.647 17.543 120.000 174.800 456.050 679.140 190.823 749.198 1.267 2.370
2.577 5.061 1.671 1.192 1.000 1.000 3.100 76.019 590.371 265.416 171.353 29.040 134.800 25.647 17.543 132.100 200.280 480.150 738.700 207.030 756.063 1.393 2.486
2.614 5.151 1.671 1.192 1.000 1.000 3.100 74.322 585.359 377.660 239.634 27.047 124.197 41.270 27.290 120.600 200.780 426.000 629.720 219.803 864.378 1.350 2.595
2.732 5.407 1.514 0.850 1.000 1.000 2.100 37.034 176.888 270.153 168.536 21.480 87.270 15.623 9.747 120.000 134.520 419.300 568.020 134.120 479.292 1.140 2.185
2.500 4.358 1.554 0.950 1.000 1.000 3.000 38.337 176.842 270.153 168.536 23.253 90.497 15.623 9.747 120.000 134.520 420.300 568.020 139.120 479.204 1.217 2.198
2.427 4.991 1.573 1.018 1.000 1.000 3.000 38.930 180.610 270.153 168.536 23.700 91.950 15.623 9.747 120.000 160.000 445.250 569.760 141.020 480.988 1.227 2.220
3.361 37.608 1.583 1.176 1.000 1.000 3.000 34.916 142.969 270.153 168.536 18.540 69.190 15.623 9.747 80.000 134.000 353.600 527.480 113.100 466.230 0.973 2.036
5.044 203.598 1.659 2.088 1.000 1.000 2.700 138.111 761.929 0.000 0.000 27.610 108.013 0.000 0.000 80.700 200.760 353.600 668.640 135.623 802.125 0.783 1.847
4.881 219.248 2.209 4.724 1.000 2.000 4.000 196.862 890.330 1907.126 2226.519 45.497 192.330 311.950 217.343 793.200 6563.020 1450.000 3437.320 767.120 3518.114 1.790 5.226
4.814 215.407 2.163 4.741 1.000 2.000 4.800 197.069 892.482 1937.023 2229.152 45.297 200.423 341.703 227.743 1573.250 6563.020 1499.750 3437.320 815.167 3545.419 1.893 5.397
4.318 208.671 2.500 8.114 1.000 2.000 5.700 196.814 892.489 1992.990 2263.271 48.417 210.983 401.003 271.527 2283.500 7088.300 1745.550 3850.220 931.930 3644.100 2.250 5.687
4.595 134.717 2.610 8.531 1.000 2.000 6.000 196.863 892.682 1992.990 2263.271 47.883 207.940 401.003 271.527 2283.500 7088.300 1745.550 3850.220 928.353 3644.837 2.223 5.690
5.025 343.324 2.475 7.999 1.000 2.000 5.100 146.004 495.436 1992.990 2263.271 33.833 150.837 401.003 271.527 2283.500 7088.300 1732.650 3437.320 857.200 3574.881 2.077 5.615
8.172 1058.005 2.172 7.039 1.000 2.000 3.200 31.861 142.042 624.853 434.238 12.787 52.580 89.053 54.183 120.600 2137.560 478.150 1362.460 208.603 1075.423 0.917 2.792
17.133 3360.516 3.071 12.781 1.000 2.000 5.400 172.178 2816.734 510.371 416.196 18.843 259.353 59.300 43.783 80.000 277.880 331.350 1362.460 381.280 3093.438 0.857 3.960
148.500 7310.250 3.000 0.000 3.000 3.000 3.000 170.968 2817.219 0.000 0.000 10.830 230.437 0.000 0.000 0.000 0.000 0.000 0.000 241.267 2955.082 0.263 3.258
148.500 650.250 3.000 0.000 3.000 3.000 3.000 170.968 2817.219 0.000 0.000 10.830 230.437 0.000 0.000 0.000 0.000 0.000 0.000 241.267 2955.082 0.263 3.258
148.500 1190.250 3.000 0.000 3.000 3.000 3.000 170.968 2817.219 0.000 0.000 10.830 230.437 0.000 0.000 0.000 0.000 0.000 0.000 241.267 2955.082 0.263 3.258
148.500 8930.250 3.000 0.000 3.000 3.000 3.000 170.968 2817.219 0.000 0.000 10.830 230.437 0.000 0.000 0.000 0.000 0.000 0.000 241.267 2955.082 0.263 3.258
300.000 0.000 0.000 0.000 0.000 0.000 0.000 0.000 0.000 0.000 0.000 0.000 0.000 0.000 0.000 0.000 0.000 0.000 0.000 0.000 0.000 0.000 0.000
300.000 0.000 0.000 0.000 0.000 0.000 0.000 0.000 0.000 0.000 0.000 0.000 0.000 0.000 0.000 0.000 0.000 0.000 0.000 0.000 0.000 0.000 0.000
300.000 0.000 0.000 0.000 0.000 0.000 0.000 0.000 0.000 0.000 0.000 0.000 0.000 0.000 0.000 0.000 0.000 0.000 0.000 0.000 0.000 0.000 0.000
300.000 0.000 0.000 0.000 0.000 0.000 0.000 0.000 0.000 0.000 0.000 0.000 0.000 0.000 0.000 0.000 0.000 0.000 0.000 0.000 0.000 0.000 0.000
300.000 0.000 0.000 0.000 0.000 0.000 0.000 0.000 0.000 0.000 0.000 0.000 0.000 0.000 0.000 0.000 0.000 0.000 0.000 0.000 0.000 0.000 0.000
300.000 0.000 0.000 0.000 0.000 0.000 0.000 0.000 0.000 0.000 0.000 0.000 0.000 0.000 0.000 0.000 0.000 0.000 0.000 0.000 0.000 0.000 0.000
300.000 0.000 0.000 0.000 0.000 0.000 0.000 0.000 0.000 0.000 0.000 0.000 0.000 0.000 0.000 0.000 0.000 0.000 0.000 0.000 0.000 0.000 0.000
300.000 0.000 0.000 0.000 0.000 0.000 0.000 0.000 0.000 0.000 0.000 0.000 0.000 0.000 0.000 0.000 0.000 0.000 0.000 0.000 0.000 0.000 0.000
300.000 0.000 0.000 0.000 0.000 0.000 0.000 0.000 0.000 0.000 0.000 0.000 0.000 0.000 0.000 0.000 0.000 0.000 0.000 0.000 0.000 0.000 0.000
300.000 0.000 0.000 0.000 0.000 0.000 0.000 0.000 0.000 0.000 0.000 0.000 0.000 0.000 0.000 0.000 0.000 0.000 0.000 0.000 0.000 0.000 0.000
300.000 0.000 0.000 0.000 0.000 0.000 0.000 0.000 0.000 0.000 0.000 0.000 0.000 0.000 0.000 0.000 0.000 0.000 0.000 0.000 0.000 0.000 0.000
300.000 0.000 0.000 0.000 0.000 0.000 0.000 0.000 0.000 0.000 0.000 0.000 0.000 0.000 0.000 0.000 0.000 0.000 0.000 0.000 0.000 0.000 0.000
300.000 0.000 0.000 0.000 0.000 0.000 0.000 0.000 0.000 0.000 0.000 0.000 0.000 0.000 0.000 0.000 0.000 0.000 0.000 0.000 0.000 0.000 0.000
300.000 0.000 0.000 0.000 0.000 0.000 0.000 0.000 0.000 0.000 0.000 0.000 0.000 0.000 0.000 0.000 0.000 0.000 0.000 0.000 0.000 0.000 0.000
300.000 0.000 0.000 0.000 0.000 0.000 0.000 0.000 0.000 0.000 0.000 0.000 0.000 0.000 0.000 0.000 0.000 0.000 0.000 0.000 0.000 0.000 0.000
300.000 0.000 0.000 0.000 0.000 0.000 0.000 0.000 0.000 0.000 0.000 0.000 0.000 0.000 0.000 0.000 0.000 0.000 0.000 0.000 0.000 0.000 0.000
57.800 12456.960 2.200 1.360 1.200 2.400 3.600 171.000 17172.911 1135.503 828.523 14.567 1006.907 92.997 67.727 0.000 40.000 0.000 230.480 1182.197 17359.069 1.243 14.199
19.429 3164.673 2.154 1.515 1.000 2.200 4.000 198.723 17174.058 1135.503 828.523 24.677 1040.573 92.997 67.727 40.000 170.020 229.500 619.420 1225.973 17361.400 1.517 14.280
19.429 1998.959 2.154 1.515 1.000 2.200 4.000 198.723 17174.058 1135.503 828.523 24.677 1040.573 92.997 67.727 40.000 170.020 229.500 619.420 1225.973 17361.400 1.517 14.280
19.429 1861.816 2.154 1.515 1.000 2.200 4.000 198.723 17174.058 1135.503 828.523 24.677 1040.573 92.997 67.727 40.000 170.020 229.500 619.420 1225.973 17361.400 1.517 14.280
19.429 2753.245 2.154 1.515 1.000 2.200 4.000 198.723 17174.058 1135.503 828.523 24.677 1040.573 92.997 67.727 40.000 170.020 229.500 619.420 1225.973 17361.400 1.517 14.280
31.444 6824.691 2.125 1.609 1.000 2.200 4.000 102.685 327.442 0.000 0.000 10.110 33.667 0.000 0.000 40.000 92.560 88.950 300.940 43.777 429.460 0.273 1.732
300.000 0.000 0.000 0.000 0.000 0.000 0.000 0.000 0.000 0.000 0.000 0.000 0.000 0.000 0.000 0.000 0.000 0.000 0.000 0.000 0.000 0.000 0.000
300.000 0.000 0.000 0.000 0.000 0.000 0.000 0.000 0.000 0.000 0.000 0.000 0.000 0.000 0.000 0.000 0.000 0.000 0.000 0.000 0.000 0.000 0.000
300.000 0.000 0.000 0.000 0.000 0.000 0.000 0.000 0.000 0.000 0.000 0.000 0.000 0.000 0.000 0.000 0.000 0.000 0.000 0.000 0.000 0.000 0.000
300.000 0.000 0.000 0.000 0.000 0.000 0.000 0.000 0.000 0.000 0.000 0.000 0.000 0.000 0.000 0.000 0.000 0.000 0.000 0.000 0.000 0.000 0.000
300.000 0.000 0.000 0.000 0.000 0.000 0.000 0.000 0.000 0.000 0.000 0.000 0.000 0.000 0.000 0.000 0.000 0.000 0.000 0.000 0.000 0.000 0.000
300.000 0.000 0.000 0.000 0.000 0.000 0.000 0.000 0.000 0.000 0.000 0.000 0.000 0.000 0.000 0.000 0.000 0.000 0.000 0.000 0.000 0.000 0.000
300.000 0.000 0.000 0.000 0.000 0.000 0.000 0.000 0.000 0.000 0.000 0.000 0.000 0.000 0.000 0.000 0.000 0.000 0.000 0.000 0.000 0.000 0.000
300.000 0.000 0.000 0.000 0.000 0.000 0.000 0.000 0.000 0.000 0.000 0.000 0.000 0.000 0.000 0.000 0.000 0.000 0.000 0.000 0.000 0.000 0.000
300.000 0.000 0.000 0.000 0.000 0.000 0.000 0.000 0.000 0.000 0.000 0.000 0.000 0.000 0.000 0.000 0.000 0.000 0.000 0.000 0.000 0.000 0.000
300.000 0.000 0.000 0.000 0.000 0.000 0.000 0.000 0.000 0.000 0.000 0.000 0.000 0.000 0.000 0.000 0.000 0.000 0.000 0.000 0.000 0.000 0.000
300.000 0.000 0.000 0.000 0.000 0.000 0.000 0.000 0.000 0.000 0.000 0.000 0.000 0.000 0.000 0.000 0.000 0.000 0.000 0.000 0.000 0.000 0.000
300.000 0.000 0.000 0.000 0.000 0.000 0.000 0.000 0.000 0.000 0.000 0.000 0.000 0.000 0.000 0.000 0.000 0.000 0.000 0.000 0.000 0.000 0.000
300.000 0.000 0.000 0.000 0.000 0.000 0.000 0.000 0.000 0.000 0.000 0.000 0.000 0.000 0.000 0.000 0.000 0.000 0.000 0.000 0.000 0.000 0.000
300.000 0.000 0.000 0.000 0.000 0.000 0.000 0.000 0.000 0.000 0.000 0.000 0.000 0.000 0.000 0.000 0.000 0.000 0.000 0.000 0.000 0.000 0.000
300.000 0.000 0.000 0.000 0.000 0.000 0.000 0.000 0.000 0.000 0.000 0.000 0.000 0.000 0.000 0.000 0.000 0.000 0.000 0.000 0.000 0.000 0.000
300.000 0.000 0.000 0.000 0.000 0.000 0.000 0.000 0.000 0.000 0.000 0.000 0.000 0.000 0.000 0.000 0.000 0.000 0.000 0.000 0.000 0.000 0.000
300.000 0.000 0.000 0.000 0.000 0.000 0.000 0.000 0.000 0.000 0.000 0.000 0.000 0.000 0.000 0.000 0.000 0.000 0.000 0.000 0.000 0.000 0.000
300.000 0.000 0.000 0.000 0.000 0.000 0.000 0.000 0.000 0.000 0.000 0.000 0.000 0.000 0.000 0.000 0.000 0.000 0.000 0.000 0.000 0.000 0.000
300.000 0.000 0.000 0.000 0.000 0.000 0.000 0.000 0.000 0.000 0.000 0.000 0.000 0.000 0.000 0.000 0.000 0.000 0.000 0.000 0.000 0.000 0.000
300.000 0.000 0.000 0.000 0.000 0.000 0.000 0.000 0.000 0.000 0.000 0.000 0.000 0.000 0.000 0.000 0.000 0.000 0.000 0.000 0.000 0.000 0.000
300.000 0.000 0.000 0.000 0.000 0.000 0.000 0.000 0.000 0.000 0.000 0.000 0.000 0.000 0.000 0.000 0.000 0.000 0.000 0.000 0.000 0.000 0.000
300.000 0.000 0.000 0.000 0.000 0.000 0.000 0.000 0.000 0.000 0.000 0.000 0.000 0.000 0.000 0.000 0.000 0.000 0.000 0.000 0.000 0.000 0.000
300.000 0.000 0.000 0.000 0.000 0.000 0.000 0.000 0.000 0.000 0.000 0.000 0.000 0.000 0.000 0.000 0.000 0.000 0.000 0.000 0.000 0.000 0.000
300.000 0.000 0.000 0.000 0.000 0.000 0.000 0.000 0.000 0.000 0.000 0.000 0.000 0.000 0.000 0.000 0.000 0.000 0.000 0.000 0.000 0.000 0.000
300.000 0.000 0.000 0.000 0.000 0.000 0.000 0.000 0.000 0.000 0.000 0.000 0.000 0.000 0.000 0.000 0.000 0.000 0.000 0.000 0.000 0.000 0.000
300.000 0.000 0.000 0.000 0.000 0.000 0.000 0.000 0.000 0.000 0.000 0.000 0.000 0.000 0.000 0.000 0.000 0.000 0.000 0.000 0.000 0.000 0.000
300.000 0.000 0.000 0.000 0.000 0.000 0.000 0.000 0.000 0.000 0.000 0.000 0.000 0.000 0.000 0.000 0.000 0.000 0.000 0.000 0.000 0.000 0.000
300.000 0.000 0.000 0.000 0.000 0.000 0.000 0.000 0.000 0.000 0.000 0.000 0.000 0.000 0.000 0.000 0.000 0.000 0.000 0.000 0.000 0.000 0.000
300.000 0.000 0.000 0.000 0.000 0.000 0.000 0.000 0.000 0.000 0.000 0.000 0.000 0.000 0.000 0.000 0.000 0.000 0.000 0.000 0.000 0.000 0.000
300.000 0.000 0.000 0.000 0.000 0.000 0.000 0.000 0.000 0.000 0.000 0.000 0.000 0.000 0.000 0.000 0.000 0.000 0.000 0.000 0.000 0.000 0.000
300.000 0.000 0.000 0.000 0.000 0.000 0.000 0.000 0.000 0.000 0.000 0.000 0.000 0.000 0.000 0.000 0.000 0.000 0.000 0.000 0.000 0.000 0.000
300.000 0.000 0.000 0.000 0.000 0.000 0.000 0.000 0.000 0.000 0.000 0.000 0.000 0.000 0.000 0.000 0.000 0.000 0.000 0.000 0.000 0.000 0.000
300.000 0.000 0.000 0.000 0.000 0.000 0.000 0.000 0.000 0.000 0.000 0.000 0.000 0.000 0.000 0.000 0.000 0.000 0.000 0.000 0.000 0.000 0.000
300.000 0.000 0.000 0.000 0.000 0.000 0.000 0.000 0.000 0.000 0.000 0.000 0.000 0.000 0.000 0.000 0.000 0.000 0.000 0.000 0.000 0.000 0.000
300.000 0.000 0.000 0.000 0.000 0.000 0.000 0.000 0.000 0.000 0.000 0.000 0.000 0.000 0.000 0.000 0.000 0.000 0.000 0.000 0.000 0.000 0.000
300.000 0.000 0.000 0.000 0.000 0.000 0.000 0.000 0.000 0.000 0.000 0.000 0.000 0.000 0.000 0.000 0.000 0.000 0.000 0.000 0.000 0.000 0.000
300.000 0.000 0.000 0.000 0.000 0.000 0.000 0.000 0.000 0.000 0.000 0.000 0.000 0.000 0.000 0.000 0.000 0.000 0.000 0.000 0.000 0.000 0.000
300.000 0.000 0.000 0.000 0.000 0.000 0.000 0.000 0.000 0.000 0.000 0.000 0.000 0.000 0.000 0.000 0.000 0.000 0.000 0.000 0.000 0.000 0.000
300.000 0.000 0.000 0.000 0.000 0.000 0.000 0.000 0.000 0.000 0.000 0.000 0.000 0.000 0.000 0.000 0.000 0.000 0.000 0.000 0.000 0.000 0.000
300.000 0.000 0.000 0.000 0.000 0.000 0.000 0.000 0.000 0.000 0.000 0.000 0.000 0.000 0.000 0.000 0.000 0.000 0.000 0.000 0.000 0.000 0.000
300.000 0.000 0.000 0.000 0.000 0.000 0.000 0.000 0.000 0.000 0.000 0.000 0.000 0.000 0.000 0.000 0.000 0.000 0.000 0.000 0.000 0.000 0.000
300.000 0.000 0.000 0.000 0.000 0.000 0.000 0.000 0.000 0.000 0.000 0.000 0.000 0.000 0.000 0.000 0.000 0.000 0.000 0.000 0.000 0.000 0.000
300.000 0.000 0.000 0.000 0.000 0.000 0.000 0.000 0.000 0.000 0.000 0.000 0.000 0.000 0.000 0.000 0.000 0.000 0.000 0.000 0.000 0.000 0.000
300.000 0.000 0.000 0.000 0.000 0.000 0.000 0.000 0.000 0.000 0.000 0.000 0.000 0.000 0.000 0.000 0.000 0.000 0.000 0.000 0.000 0.000 0.000
300.000 0.000 0.000 0.000 0.000 0.000 0.000 0.000 0.000 0.000 0.000 0.000 0.000 0.000 0.000 0.000 0.000 0.000 0.000 0.000 0.000 0.000 0.000
300.000 0.000 0.000 0.000 0.000 0.000 0.000 0.000 0.000 0.000 0.000 0.000 0.000 0.000 0.000 0.000 0.000 0.000 0.000 0.000 0.000 0.000 0.000
300.000 0.000 0.000 0.000 0.000 0.000 0.000 0.000 0.000 0.000 0.000 0.000 0.000 0.000 0.000 0.000 0.000 0.000 0.000 0.000 0.000 0.000 0.000
300.000 0.000 0.000 0.000 0.000 0.000 0.000 0.000 0.000 0.000 0.000 0.000 0.000 0.000 0.000 0.000 0.000 0.000 0.000 0.000 0.000 0.000 0.000
300.000 0.000 0.000 0.000 0.000 0.000 0.000 0.000 0.000 0.000 0.000 0.000 0.000 0.000 0.000 0.000 0.000 0.000 0.000 0.000 0.000 0.000 0.000
300.000 0.000 0.000 0.000 0.000 0.000 0.000 0.000 0.000 0.000 0.000 0.000 0.000 0.000 0.000 0.000 0.000 0.000 0.000 0.000 0.000 0.000 0.000
300.000 0.000 0.000 0.000 0.000 0.000 0.000 0.000 0.000 0.000 0.000 0.000 0.000 0.000 0.000 0.000 0.000 0.000 0.000 0.000 0.000 0.000 0.000
300.000 0.000 0.000 0.000 0.000 0.000 0.000 0.000 0.000 0.000 0.000 0.000 0.000 0.000 0.000 0.000 0.000 0.000 0.000 0.000 0.000 0.000 0.000
300.000 0.000 0.000 0.000 0.000 0.000 0.000 0.000 0.000 0.000 0.000 0.000 0.000 0.000 0.000 0.000 0.000 0.000 0.000 0.000 0.000 0.000 0.000
300.000 0.000 0.000 0.000 0.000 0.000 0.000 0.000 0.000 0.000 0.000 0.000 0.000 0.000 0.000 0.000 0.000 0.000 0.000 0.000 0.000 0.000 0.000
300.000 0.000 0.000 0.000 0.000 0.000 0.000 0.000 0.000 0.000 0.000 0.000 0.000 0.000 0.000 0.000 0.000 0.000 0.000 0.000 0.000 0.000 0.000
300.000 0.000 0.000 0.000 0.000 0.000 0.000 0.000 0.000 0.000 0.000 0.000 0.000 0.000 0.000 0.000 0.000 0.000 0.000 0.000 0.000 0.000 0.000
300.000 0.000 0.000 0.000 0.000 0.000 0.000 0.000 0.000 0.000 0.000 0.000 0.000 0.000 0.000 0.000 0.000 0.000 0.000 0.000 0.000 0.000 0.000
98.333 14160.222 1.667 0.222 1.600 2.000 2.000 151.706 17232.512 230.568 113.057 10.403 1002.780 17.627 10.683 0.000 0.000 0.000 0.000 1041.493 17266.524 0.867 12.962
13.895 2083.042 1.895 1.673 1.000 1.800 3.400 184.731 17232.214 1034.896 1420.730 23.650 1057.403 127.123 182.467 80.000 1688.620 692.650 4770.000 1390.643 17393.613 1.727 13.673
7.273 621.107 1.818 1.725 1.000 1.200 3.000 184.961 17231.355 1034.896 1420.730 27.560 1073.797 127.123 182.467 120.050 1688.620 692.650 4770.000 1410.947 17392.195 1.913 13.669
4.689 165.725 2.023 1.931 1.000 2.000 4.700 185.157 17230.074 1034.896 1420.730 33.370 1098.517 127.123 182.467 121.500 1688.620 692.650 4770.000 1441.477 17390.080 2.207 13.665
3.100 20.890 1.932 1.690 1.000 2.000 4.000 185.437 17228.704 1034.896 1420.730 38.917 1126.240 127.123 182.467 131.000 1688.620 783.400 4770.000 1474.747 17387.860 2.503 13.665
2.723 4.169 1.892 1.604 1.000 2.000 4.000 109.761 340.397 1010.796 1417.520 31.260 130.620 109.497 171.783 120.050 259.240 602.650 1397.560 443.160 2258.565 1.757 4.641
3.100 5.890 1.900 1.723 1.000 2.000 4.000 34.468 172.191 0.000 0.000 21.387 93.013 0.000 0.000 81.000 120.020 510.150 595.140 114.400 199.446 1.067 1.664
3.203 7.450 1.881 1.935 1.000 1.000 4.000 38.648 177.420 220.479 209.143 22.633 93.570 13.220 16.200 104.800 170.020 561.200 724.200 145.623 419.647 1.173 1.994
3.066 7.209 1.823 1.791 1.000 1.000 4.000 42.745 206.664 220.479 209.143 24.817 108.300 13.220 16.200 120.000 174.180 584.900 919.580 162.537 436.059 1.293 2.206
3.207 7.474 1.966 1.930 1.000 2.000 4.000 63.788 419.978 280.330 248.539 27.997 130.107 23.277 24.020 131.000 174.180 688.650 919.580 205.400 843.236 1.437 2.954
2.719 5.608 1.969 1.999 1.000 2.000 4.000 64.562 424.122 280.330 248.539 31.210 148.740 23.277 24.020 131.050 174.180 701.900 919.580 227.247 844.745 1.610 3.010
2.612 4.834 1.894 1.822 1.000 2.000 4.000 66.558 424.636 280.330 248.539 32.467 152.297 23.277 24.020 134.000 200.060 719.250 866.060 232.060 845.381 1.653 3.067
2.703 5.865 2.016 1.793 1.000 2.000 4.000 65.512 422.777 173.896 135.220 32.247 152.377 10.057 7.820 132.100 160.280 612.750 819.160 202.500 764.470 1.583 2.906
3.083 6.310 1.917 1.543 1.000 2.000 4.000 62.507 409.985 173.896 135.220 27.367 129.240 10.057 7.820 120.000 134.340 505.700 745.080 174.483 755.357 1.317 2.704
3.066 6.356 1.852 1.536 1.000 2.000 4.000 39.706 182.472 0.000 0.000 23.440 100.750 0.000 0.000 120.000 134.000 477.350 743.040 124.190 211.772 1.107 1.754
3.067 7.229 1.933 1.496 1.000 2.000 4.000 37.572 181.620 269.864 165.711 22.593 98.983 15.607 9.583 80.600 134.340 477.350 746.400 146.767 498.920 1.140 2.176
2.867 5.982 2.169 2.581 1.000 2.000 4.000 35.429 176.085 269.864 165.711 23.790 103.580 15.607 9.583 80.600 134.000 465.300 733.200 152.560 495.978 1.213 2.131
2.656 3.882 2.000 2.092 1.000 2.000 3.000 32.877 173.296 439.878 213.272 23.033 103.380 44.117 19.377 80.000 134.000 465.300 744.440 189.907 686.546 1.290 2.415
2.200 2.989 2.116 2.218 1.000 2.000 4.000 48.658 194.848 916.041 1631.626 29.120 120.613 184.980 145.230 174.000 4526.980 698.200 1336.720 479.943 2284.676 1.943 4.417
2.186 2.694 2.100 2.004 1.000 2.000 3.100 50.025 193.590 916.041 1631.626 29.833 126.193 184.980 145.230 175.300 4526.980 653.750 1336.720 486.237 2283.883 2.003 4.474
2.324 2.572 2.088 2.580 1.000 2.000 4.000 50.367 200.544 878.402 1623.990 29.513 128.983 169.373 135.647 174.000 4028.160 652.000 1205.400 463.517 2242.720 1.977 4.332
2.545 3.642 2.000 1.636 1.000 2.000 3.000 50.567 196.738 903.161 1636.973 27.513 119.260 182.590 152.413 175.300 4028.160 687.550 1656.200 481.777 2268.979 1.950 4.429
2.708 4.484 1.908 1.622 1.000 2.000 3.000 52.693 203.214 838.409 1632.257 27.420 118.063 154.080 142.620 174.000 3489.780 687.550 1329.520 442.183 2224.582 1.867 4.384
3.200 5.860 1.770 1.554 1.000 2.000 3.000 39.205 181.790 220.422 216.533 22.047 97.373 13.217 16.767 120.000 172.040 470.200 791.420 149.403 422.938 1.250 2.381
3.016 5.317 1.746 1.650 1.000 1.000 3.000 40.130 174.214 220.422 216.533 22.753 94.147 13.217 16.767 95.300 174.000 443.400 791.420 146.883 419.925 1.280 2.403
2.721 5.407 1.691 1.302 1.000 1.200 3.000 42.898 164.252 220.422 216.533 24.047 90.583 13.217 16.767 120.000 174.520 411.300 791.420 144.613 416.608 1.257 2.299
2.556 4.275 1.611 1.182 1.000 1.000 2.900 42.156 169.462 0.000 0.000 24.400 94.200 0.000 0.000 95.300 172.040 412.050 650.860 118.600 205.871 1.217 2.120
2.392 3.536 1.662 1.197 1.000 1.800 3.000 41.803 183.547 0.000 0.000 26.180 105.403 0.000 0.000 120.000 134.520 432.500 821.660 131.583 219.062 1.310 2.072
2.267 2.436 1.733 1.182 1.000 2.000 3.000 41.396 182.017 0.000 0.000 26.667 110.747 0.000 0.000 120.000 134.520 442.100 821.660 137.413 217.418 1.347 2.048
2.267 2.356 1.757 1.049 1.000 2.000 3.000 47.184 172.720 0.000 0.000 26.843 105.560 0.000 0.000 120.000 160.000 444.800 812.180 132.403 207.266 1.277 1.874
2.366 2.542 1.833 1.333 1.000 2.000 3.000 45.421 187.210 269.749 168.651 27.070 115.013 15.600 9.753 120.000 134.520 464.250 854.040 167.437 539.055 1.403 2.415
2.319 2.768 2.029 1.593 1.000 2.000 4.000 50.158 214.633 269.749 168.651 30.270 129.593 15.600 9.753 120.000 160.000 532.900 859.140 185.217 552.675 1.577 2.701
2.369 2.756 2.246 2.186 1.000 2.000 4.000 49.910 203.535 269.749 168.651 30.363 126.217 15.600 9.753 120.000 160.280 499.200 856.200 181.933 547.489 1.570 2.630
2.288 2.750 2.292 2.330 1.000 2.000 4.000 125.804 652.926 714.904 670.644 42.037 190.593 66.117 54.187 134.000 212.200 617.400 1360.900 352.933 2028.409 1.910 4.123
2.492 4.663 2.306 2.438 1.000 2.000 4.000 122.894 653.931 714.904 670.644 39.287 188.897 66.117 54.187 120.700 200.200 644.100 1360.900 348.487 2028.899 1.857 4.115
2.730 4.768 2.065 1.899 1.000 2.000 4.000 123.102 654.478 663.249 649.759 36.307 174.777 50.517 44.433 120.700 174.520 617.400 1359.880 306.033 1971.533 1.613 3.825
2.903 4.636 1.905 1.483 1.000 2.000 3.800 121.626 647.602 663.249 649.759 33.907 162.723 50.517 44.433 120.000 174.000 556.250 1002.280 291.580 1968.999 1.467 3.647
2.577 4.103 1.671 1.078 1.000 1.000 3.000 208.672 671.512 743.207 663.621 42.420 173.253 70.080 52.387 120.000 174.000 565.150 1359.880 338.140 2130.502 1.540 4.524
2.652 4.082 1.721 1.672 1.000 1.000 3.000 174.393 275.177 338.282 137.526 32.247 126.370 19.563 7.953 82.000 134.000 547.450 828.140 186.133 855.934 1.277 3.234
2.603 3.151 1.783 2.054 1.000 1.000 3.200 175.015 749.199 338.282 137.526 34.453 173.393 19.563 7.953 120.000 160.280 561.350 934.480 235.363 1104.203 1.347 3.278
2.268 2.506 1.931 2.065 1.000 2.000 3.900 175.292 748.399 338.282 137.526 38.100 188.790 19.563 7.953 120.000 160.000 619.400 916.340 254.407 1103.574 1.530 3.330
2.082 2.158 2.027 2.301 1.000 2.000 4.000 175.588 750.312 338.282 137.526 40.007 198.337 19.563 7.953 120.000 160.280 667.250 934.480 265.860 1104.952 1.633 3.373
2.174 2.115 2.206 2.634 1.000 2.000 5.000 46.022 734.985 0.000 0.000 31.800 192.800 0.000 0.000 120.000 160.280 666.850 1007.420 224.600 749.534 1.560 2.142
2.068 2.173 2.069 1.898 1.000 2.000 4.000 50.890 731.009 0.000 0.000 32.737 184.043 0.000 0.000 120.000 160.280 597.400 867.980 216.780 744.888 1.557 2.170
2.066 1.956 1.857 1.421 1.000 2.000 3.400 48.960 230.113 0.000 0.000 30.977 139.023 0.000 0.000 120.000 134.520 596.400 855.240 170.000 263.956 1.490 2.100
2.464 5.234 1.857 1.265 1.000 2.000 3.100 45.983 212.508 265.772 134.586 26.843 115.023 15.370 7.783 92.100 134.000 544.650 807.060 165.020 472.419 1.350 2.358
2.551 5.668 1.797 1.176 1.000 2.000 3.200 130.739 254.611 377.433 215.328 35.010 121.997 30.920 17.530 120.000 161.800 571.700 1086.420 205.457 789.538 1.387 3.166
2.721 9.113 1.691 0.949 1.000 2.000 3.000 130.763 245.320 377.433 215.328 33.770 118.417 30.920 17.530 120.700 174.000 571.700 1005.020 200.637 786.879 1.327 3.137
2.592 8.467 1.634 0.936 1.000 1.000 3.000 128.298 235.472 377.433 215.328 32.533 114.487 30.920 17.530 80.000 160.280 564.800 925.600 195.470 783.240 1.313 3.090
2.431 8.134 1.736 1.028 1.000 2.000 3.000 128.522 237.396 377.433 215.328 33.867 125.193 30.920 17.530 82.000 174.000 581.400 842.660 207.510 783.307 1.373 3.100
2.147 5.112 1.878 1.864 1.000 2.000 3.700 129.162 268.463 268.885 168.536 37.867 152.937 15.550 9.747 134.000 160.280 693.200 925.600 216.100 684.727 1.530 2.944
2.216 5.088 1.813 1.805 1.000 2.000 3.000 39.227 220.393 0.000 0.000 26.640 134.147 0.000 0.000 120.000 160.000 581.250 721.860 160.787 250.711 1.323 1.894
2.079 2.310 1.893 1.829 1.000 2.000 3.600 37.223 205.636 0.000 0.000 26.627 129.917 0.000 0.000 80.000 134.520 550.200 697.080 156.543 233.285 1.310 1.751
2.324 2.613 1.875 1.804 1.000 2.000 3.900 38.133 217.741 0.000 0.000 25.693 130.040 0.000 0.000 120.000 160.000 579.100 802.680 155.733 246.921 1.263 1.793
2.391 2.789 1.985 2.867 1.000 2.000 4.000 47.281 221.052 272.871 222.881 27.550 132.120 26.473 21.583 120.700 174.000 648.300 930.940 207.727 576.464 1.430 2.333
2.457 3.134 1.855 1.950 1.000 2.000 3.000 45.860 184.474 272.871 222.881 25.417 114.120 26.473 21.583 120.000 174.000 546.300 803.400 187.593 562.737 1.307 2.233
2.353 2.787 2.090 2.440 1.000 2.000 4.000 50.347 221.687 272.871 222.881 29.817 132.473 26.473 21.583 120.700 200.000 672.050 930.940 210.347 578.508 1.543 2.508
2.290 2.177 2.088 2.698 1.000 2.000 4.000 50.432 226.650 272.871 222.881 30.317 134.913 26.473 21.583 120.000 200.000 673.600 930.940 213.287 580.631 1.603 2.577
2.239 2.898 2.239 2.570 1.000 2.000 4.000 50.311 217.434 272.871 222.881 31.030 136.300 26.473 21.583 120.700 200.280 605.450 784.780 215.387 576.099 1.643 2.551
2.242 2.426 2.338 2.285 2.000 2.000 4.000 42.410 208.997 0.000 0.000 29.927 128.997 0.000 0.000 120.000 160.280 529.350 705.540 158.923 243.906 1.527 2.150
2.246 3.109 2.333 2.313 2.000 2.000 4.000 44.447 211.437 265.830 131.877 31.033 133.863 15.373 7.627 120.000 198.040 559.000 732.080 187.897 459.736 1.627 2.397
2.221 3.025 2.224 2.323 1.000 2.000 4.000 39.819 173.715 265.830 131.877 28.187 119.817 15.373 7.627 120.000 174.000 516.050 605.760 171.003 439.827 1.480 2.167
2.369 3.864 2.246 3.570 1.000 2.000 4.000 41.009 172.432 265.830 131.877 28.767 118.437 15.373 7.627 120.000 174.000 517.550 600.100 170.203 439.735 1.493 2.186
2.415 3.043 2.200 3.668 1.000 2.000 4.000 39.563 172.365 265.830 131.877 27.653 115.693 15.373 7.627 120.000 160.280 518.500 603.420 166.347 439.188 1.430 2.132
2.515 3.583 2.030 2.969 1.000 2.000 4.000 48.483 167.324 265.830 131.877 27.290 108.827 15.373 7.627 120.000 160.000 518.500 603.420 159.117 438.936 1.340 2.113
2.552 2.964 1.925 2.935 1.000 1.600 3.400 46.653 168.330 0.000 0.000 26.097 104.263 0.000 0.000 120.000 134.000 517.100 624.380 130.360 202.161 1.220 1.775
2.580 2.794 1.768 2.323 1.000 1.000 3.000 46.750 177.965 0.000 0.000 25.297 104.683 0.000 0.000 120.000 134.000 547.500 624.960 129.980 211.308 1.203 1.870
2.606 2.605 1.620 0.771 1.000 1.000 3.000 45.542 184.525 0.000 0.000 22.897 102.137 0.000 0.000 82.000 134.000 519.250 686.280 125.033 216.336 1.083 1.769
2.644 3.490 1.466 0.578 1.000 1.000 2.800 45.480 175.417 0.000 0.000 21.830 93.127 0.000 0.000 82.000 134.000 430.300 672.560 114.957 207.434 1.030 1.759
2.690 4.918 1.557 1.247 1.000 1.000 3.000 60.322 424.948 173.838 134.875 23.067 117.847 10.053 7.800 82.000 134.000 444.800 849.840 158.767 770.911 1.120 2.647
2.696 5.139 1.676 1.925 1.000 1.000 3.000 59.590 422.039 173.838 134.875 22.660 115.010 10.053 7.800 80.000 134.000 441.150 675.540 155.523 768.873 1.120 2.634
2.571 4.988 1.690 2.101 1.000 1.000 3.000 61.503 420.566 173.838 134.875 24.173 116.913 10.053 7.800 80.000 134.000 430.300 849.060 158.940 768.633 1.160 2.636
2.292 4.373 1.901 2.821 1.000 1.000 4.000 62.088 427.726 173.838 134.875 27.163 133.770 10.053 7.800 80.600 134.000 525.350 849.060 178.787 772.814 1.337 2.710
2.113 3.593 2.083 2.993 1.000 2.000 4.000 63.636 431.630 173.838 134.875 31.077 148.260 10.053 7.800 120.000 134.340 558.550 852.600 197.190 775.401 1.530 2.789
1.831 1.335 2.065 2.528 1.000 2.000 4.000 45.346 221.073 0.000 0.000 33.270 152.157 0.000 0.000 120.000 160.000 592.750 852.600 185.427 257.773 1.700 2.181
1.692 0.982 2.127 3.275 1.000 2.000 4.000 49.995 260.828 265.945 128.880 39.937 196.300 15.380 7.453 134.000 160.000 767.800 955.740 259.070 515.482 2.143 2.771
1.743 1.191 2.311 5.160 1.000 2.000 4.000 52.869 269.867 265.945 128.880 42.243 208.043 15.380 7.453 134.000 160.000 802.300 1044.100 273.120 521.172 2.270 2.891
1.720 1.322 2.250 4.609 1.000 2.000 4.000 52.868 258.673 265.945 128.880 42.273 204.157 15.380 7.453 134.000 160.000 750.800 955.740 269.263 514.906 2.277 2.879
1.733 1.422 2.267 5.022 1.000 2.000 4.000 53.021 258.306 265.945 128.880 42.447 209.903 15.380 7.453 132.100 174.800 709.150 955.740 275.183 514.533 2.283 2.877
1.903 2.393 2.296 5.335 1.000 2.000 4.000 50.229 244.270 265.945 128.880 39.380 189.703 15.380 7.453 120.600 174.000 683.050 914.700 251.917 506.155 2.110 2.772
2.056 2.719 2.111 2.349 1.000 2.000 4.000 46.000 200.958 0.000 0.000 32.587 146.323 0.000 0.000 120.000 174.000 543.100 682.040 178.910 237.819 1.637 2.155
2.151 3.306 1.986 2.014 1.000 2.000 4.000 39.395 176.462 0.000 0.000 28.767 129.897 0.000 0.000 80.000 134.000 509.200 578.120 158.663 208.592 1.453 1.871
2.375 5.068 1.792 1.748 1.000 2.000 3.000 37.521 162.839 0.000 0.000 25.613 111.370 0.000 0.000 80.000 134.000 470.350 565.220 136.983 193.683 1.253 1.737
2.614 5.351 1.696 1.197 1.000 2.000 3.000 35.132 154.366 0.000 0.000 22.500 97.167 0.000 0.000 80.000 134.000 420.100 539.240 119.667 183.568 1.097 1.629
2.681 5.753 1.643 0.887 1.000 2.000 3.000 36.285 149.672 0.000 0.000 21.480 92.200 0.000 0.000 80.000 134.000 397.300 531.400 113.680 179.678 1.043 1.668
2.735 6.048 1.652 0.836 1.000 2.000 3.000 37.129 751.228 0.000 0.000 22.540 141.280 0.000 0.000 80.000 134.000 442.500 609.040 163.820 761.531 1.140 1.880
2.818 6.028 1.701 1.344 1.000 2.000 3.000 36.908 751.847 0.000 0.000 22.273 143.683 0.000 0.000 80.000 134.000 452.800 681.560 165.957 762.169 1.133 1.862
2.574 4.009 1.866 1.579 1.000 2.000 3.000 38.799 756.279 0.000 0.000 25.073 164.663 0.000 0.000 80.000 134.520 568.250 719.980 189.737 767.647 1.297 2.004
2.397 3.916 2.015 1.985 1.000 2.000 4.000 39.463 756.948 0.000 0.000 27.300 177.590 0.000 0.000 80.600 134.000 590.750 719.700 204.890 768.474 1.427 2.044
2.225 2.907 2.029 1.885 1.000 2.000 4.000 39.394 759.272 0.000 0.000 29.300 187.890 0.000 0.000 120.000 134.000 644.750 723.620 217.190 771.041 1.543 2.098
2.309 3.037 2.072 1.632 1.000 2.000 4.000 39.584 199.993 262.026 131.877 29.207 143.873 15.153 7.627 120.000 160.000 606.650 715.160 195.860 448.366 1.603 2.301
2.127 2.364 2.099 1.638 1.000 2.000 4.000 40.983 211.887 262.026 131.877 30.987 148.900 15.153 7.627 120.000 160.000 644.650 776.700 202.667 454.577 1.670 2.341
2.313 2.961 2.164 1.600 1.000 2.000 4.000 40.708 208.019 262.026 131.877 29.873 140.583 15.153 7.627 120.000 160.000 644.650 811.100 193.237 452.700 1.627 2.364
2.279 3.480 2.597 5.499 1.000 2.000 4.000 45.608 216.051 500.448 413.472 35.243 158.060 73.667 50.910 134.000 2041.220 718.250 1022.540 317.880 937.715 2.067 3.162
2.258 2.869 2.581 6.308 1.000 2.000 4.900 45.359 211.829 500.448 413.472 33.730 154.750 73.667 50.910 134.000 2041.220 718.000 1022.540 313.057 937.244 1.980 3.122
2.031 2.593 2.615 7.929 1.000 2.000 5.600 46.007 217.382 428.444 392.719 36.270 162.317 58.513 43.283 134.000 289.680 719.200 1015.060 300.383 858.743 2.027 2.958
2.045 2.710 2.500 7.765 1.000 2.000 5.500 45.211 204.357 428.444 392.719 34.490 154.030 58.513 43.283 134.000 289.680 701.550 953.920 290.317 856.183 1.950 2.938
2.000 1.706 2.448 7.859 1.000 1.000 6.000 44.751 198.448 428.444 392.719 33.823 149.150 58.513 43.283 134.000 289.680 696.250 953.920 284.770 855.398 1.913 2.900
2.296 3.476 1.930 3.671 1.000 1.000 3.000 38.387 178.346 0.000 0.000 26.367 117.007 0.000 0.000 80.600 160.000 499.500 696.100 143.373 210.473 1.343 1.909
2.353 3.405 2.059 4.144 1.000 1.000 4.000 45.002 213.792 835.364 268.906 29.683 127.367 115.990 38.817 134.000 377.600 524.850 1122.820 311.857 1151.467 1.760 3.253
2.391 3.551 2.297 6.052 1.000 2.000 4.000 56.385 220.197 1381.150 5532.709 34.670 140.230 242.640 404.623 174.000 4990.460 702.500 2491.220 822.163 6655.903 2.627 10.276
2.344 3.257 2.381 6.426 1.000 2.000 4.000 57.744 230.886 1381.150 5532.709 36.537 146.280 242.640 404.623 200.000 4990.460 795.600 2491.220 830.080 6655.612 2.737 10.296
2.061 3.330 2.485 7.462 1.000 2.000 4.500 61.428 245.016 2750.392 23744.968 40.750 162.740 607.570 2687.900 4118.250 7776.560 1486.200 7598.000 3498.960 26193.576 6.063 31.066
1.862 1.319 2.754 9.601 1.000 2.000 7.600 61.923 260.104 2750.392 23744.968 43.810 183.197 607.570 2687.900 4118.250 7776.560 1486.200 7598.000 3522.477 26190.790 6.247 31.047
1.739 1.120 2.571 8.073 1.000 2.000 5.000 58.025 236.430 2642.132 23747.775 42.273 178.543 491.580 2649.083 2755.350 6323.480 1091.800 7598.000 3361.480 26186.100 5.923 30.984
1.750 1.271 2.417 6.132 1.000 2.000 4.900 48.835 237.362 2427.257 23130.995 37.907 171.477 380.060 2290.733 934.250 4560.380 995.450 2392.520 2880.177 25403.321 5.167 29.522
1.699 1.389 2.411 5.913 1.000 2.000 4.800 47.029 229.769 2427.257 23130.995 37.553 172.380 380.060 2290.733 934.250 4560.380 933.150 2392.520 2880.727 25403.162 5.123 29.515
1.764 1.403 2.403 4.713 1.000 2.000 4.000 42.803 222.826 261.622 128.938 36.407 170.947 15.130 7.457 134.000 160.000 636.500 903.540 229.940 466.614 1.960 2.465
1.855 1.861 2.092 2.584 1.000 2.000 4.000 44.483 222.731 261.622 128.938 35.027 159.433 15.130 7.457 134.000 160.280 623.650 853.100 217.047 468.157 1.883 2.561
1.878 1.864 2.176 3.145 1.000 2.000 4.000 44.275 287.338 261.622 128.938 35.160 165.963 15.130 7.457 134.000 160.000 636.500 764.900 223.710 504.217 1.903 2.660
1.885 1.692 1.937 1.730 1.000 2.000 3.200 44.188 289.331 0.000 0.000 33.653 161.703 0.000 0.000 120.700 160.000 646.400 762.640 195.357 322.532 1.743 2.397
2.162 2.460 1.892 1.745 1.000 2.000 3.000 44.824 285.679 0.000 0.000 31.253 146.780 0.000 0.000 120.700 174.000 576.100 762.640 178.033 319.932 1.620 2.414
2.301 2.868 1.808 1.662 1.000 2.000 3.000 63.711 278.093 0.000 0.000 31.653 133.800 0.000 0.000 132.100 174.480 539.350 762.640 165.453 318.125 1.493 2.340
2.429 3.073 1.831 1.690 1.000 2.000 3.000 62.977 273.289 0.000 0.000 30.640 130.683 0.000 0.000 120.600 174.000 523.800 762.640 161.323 312.096 1.427 2.221
2.338 2.984 1.887 2.269 1.000 2.000 3.000 63.182 204.661 0.000 0.000 31.167 125.767 0.000 0.000 120.000 174.520 546.650 843.080 156.933 249.779 1.477 2.234
2.412 3.125 2.000 2.735 1.000 2.000 4.000 61.190 186.040 0.000 0.000 29.880 115.867 0.000 0.000 120.000 174.000 497.100 661.740 145.747 229.352 1.400 2.058
2.041 1.820 2.068 2.694 1.000 2.000 4.000 60.738 189.106 0.000 0.000 32.233 130.340 0.000 0.000 120.000 160.280 499.950 661.740 162.573 231.092 1.517 2.034
2.083 1.910 2.083 2.632 1.000 2.000 4.000 39.048 190.134 0.000 0.000 29.347 130.107 0.000 0.000 120.000 134.000 498.050 661.740 159.453 221.620 1.477 1.970
2.000 1.616 2.139 2.814 1.000 2.000 4.000 37.503 180.745 0.000 0.000 29.433 129.623 0.000 0.000 95.300 134.000 500.100 660.280 159.057 210.485 1.480 1.891
2.027 1.729 2.027 2.107 1.000 2.000 4.000 199.482 702.023 662.214 656.647 40.893 185.163 50.453 44.853 120.000 134.800 566.200 786.520 321.363 2078.931 1.687 4.003
2.041 1.793 2.068 2.201 1.000 2.000 4.000 199.936 706.817 712.405 669.215 42.753 196.203 65.813 52.470 120.000 174.000 634.050 939.540 357.240 2116.836 1.873 4.260
2.099 2.061 2.157 2.561 1.000 2.000 4.000 200.146 710.126 712.405 669.215 43.600 199.073 65.813 52.470 120.700 174.000 693.100 974.820 360.957 2117.971 1.917 4.290
2.087 1.934 2.261 2.917 1.000 2.000 5.000 274.981 736.900 758.617 682.004 56.203 223.523 81.113 60.250 120.700 200.000 733.100 1195.440 421.090 2249.181 2.170 5.049
2.212 2.410 2.299 3.015 1.000 2.000 5.000 275.147 739.448 758.617 682.004 55.703 225.103 81.113 60.250 134.000 200.200 775.400 1195.440 422.170 2250.143 2.127 5.055
2.629 3.782 2.210 2.617 1.000 2.000 5.000 193.891 295.471 374.254 187.951 39.050 148.787 30.660 15.397 120.000 174.000 651.300 1145.700 233.893 903.035 1.603 3.510
2.683 3.683 2.279 4.004 1.000 2.000 5.000 193.950 295.307 264.562 134.529 39.843 153.763 15.300 7.780 120.000 160.000 657.050 975.980 216.687 810.161 1.547 3.262
2.683 3.836 2.113 3.487 1.000 2.000 5.000 193.793 290.915 264.562 134.529 37.577 146.870 15.300 7.780 120.000 160.280 621.200 865.240 207.527 808.249 1.460 3.234
2.719 4.140 1.969 3.030 1.000 2.000 4.400 198.590 359.710 265.080 135.105 36.687 149.063 15.330 7.813 120.600 160.280 658.350 826.700 208.893 911.578 1.407 3.357
2.887 7.842 1.952 3.046 1.000 2.000 3.000 198.502 358.822 265.080 135.105 36.027 145.317 15.330 7.813 120.000 160.280 658.450 863.040 204.487 911.225 1.390 3.364
2.552 6.277 1.925 2.785 1.000 2.000 3.000 209.445 533.086 344.085 257.215 43.433 180.507 33.277 25.657 132.100 174.480 719.900 1073.400 282.873 1222.618 1.710 4.183
2.586 6.271 1.700 1.067 1.000 2.000 3.000 209.090 527.900 344.085 257.215 39.713 162.707 33.277 25.657 120.000 174.000 687.400 1038.120 261.353 1220.991 1.527 4.135
2.594 6.473 1.754 1.142 1.000 2.000 3.000 209.134 531.162 405.347 326.540 40.333 166.113 45.780 37.377 120.000 174.720 720.550 1094.860 289.603 1287.350 1.603 4.282
2.458 5.970 1.708 0.957 1.000 2.000 3.000 77.543 449.197 308.176 298.056 29.790 147.223 30.450 29.563 120.000 174.000 687.600 1038.120 237.027 947.019 1.477 3.249
2.378 3.370 1.676 0.976 1.000 1.000 3.000 79.900 445.278 599.942 341.901 30.140 142.137 66.473 41.483 134.000 405.620 679.400 1094.860 280.233 1155.665 1.563 3.506
