5.356 27.562 1.311 0.259 1.000 1.000 2.000 69.768 55.743 1565.300 71768.632 15.270 20.753 348.890 4410.177 2088.450 3627.360 1180.300 1879.680 4795.090 73054.809 5.463 69.809
6.811 45.937 1.333 0.278 1.000 1.000 2.000 51.724 56.022 814.186 2270.367 11.427 17.830 192.653 220.250 2052.400 2624.300 937.050 1503.240 442.160 2593.742 1.143 4.270
7.056 53.664 1.314 0.273 1.000 1.000 2.000 68.432 58.370 735.992 2266.495 14.060 18.070 171.963 210.103 2060.000 2624.300 805.350 1503.240 414.197 2559.232 1.110 4.234
10.000 88.889 1.111 0.099 1.000 1.000 1.400 67.833 53.187 665.403 2260.550 11.750 13.033 110.750 175.057 131.000 2604.700 182.450 935.820 310.590 2516.252 0.853 4.141
8.800 76.827 1.200 0.360 1.000 1.000 2.000 68.007 60.732 878.783 20371.978 12.173 15.520 164.707 1364.443 131.650 3633.740 283.150 1596.020 1556.843 20918.738 2.210 22.140
10.346 95.842 1.240 0.422 1.000 1.000 2.000 211.233 480.311 1016.948 20258.956 23.020 55.587 187.640 1251.417 131.650 4063.760 574.200 1649.420 1517.663 20851.828 2.193 22.228
10.720 119.722 1.280 0.442 1.000 1.000 2.000 211.312 481.184 1016.948 20258.956 23.450 57.227 187.640 1251.417 131.650 4063.760 634.050 1649.420 1519.733 20851.713 2.217 22.231
11.208 126.082 1.348 0.488 1.000 1.000 2.000 206.702 482.143 972.748 20259.107 20.810 59.370 163.273 1240.360 131.000 3622.960 450.100 1596.020 1483.813 20848.057 2.113 22.185
11.125 134.359 1.375 0.401 1.000 1.000 2.000 211.661 482.381 984.481 20259.055 23.937 60.693 172.300 1245.403 131.000 3622.960 497.200 1599.440 1502.333 20849.782 2.167 22.206
10.560 127.286 1.440 0.326 1.000 1.400 2.000 211.640 482.084 895.813 544.385 24.433 61.670 165.817 87.317 164.750 2615.380 634.050 1552.640 339.237 1930.837 1.040 4.839
8.828 100.212 1.571 0.602 1.000 2.000 2.300 53.558 75.473 632.664 314.557 11.650 22.247 133.940 66.447 336.800 2154.280 705.700 1174.600 234.283 979.853 0.853 2.932
6.077 45.045 1.615 0.698 1.000 2.000 3.000 53.678 73.492 850.146 14168.355 13.077 25.773 229.453 1049.083 2054.300 2767.380 993.000 1584.020 1317.387 14687.852 2.140 16.634
5.825 61.494 1.718 0.869 1.000 2.000 3.000 69.284 65.547 895.575 14168.751 15.560 23.873 253.333 1063.870 2060.200 2836.300 995.650 1597.760 1356.637 14694.471 2.220 16.677
5.750 47.737 1.750 0.938 1.000 2.000 3.100 51.780 65.346 942.910 14168.177 12.967 24.437 281.347 1080.000 2067.500 2915.680 1100.600 1651.540 1398.750 14695.465 2.297 16.665
6.528 60.916 1.806 0.990 1.000 2.000 3.500 50.900 60.056 862.829 14168.038 11.633 20.763 244.523 1058.167 2060.000 2767.380 992.050 1623.480 1335.087 14686.992 2.080 16.572
5.625 55.734 1.829 0.971 1.000 2.000 3.000 86.125 385.169 957.530 14167.686 18.267 47.333 302.197 1082.073 2153.850 2915.680 1428.600 2149.080 1449.870 14700.476 2.377 16.673
5.718 56.613 1.974 1.256 1.000 2.000 4.000 86.203 384.443 952.063 1137.024 18.147 47.440 327.030 206.590 2201.900 3705.720 1460.500 1875.260 599.207 1880.783 1.527 3.831
4.435 24.376 2.133 1.538 1.000 2.000 4.000 74.887 384.821 1426.802 16831.697 18.090 52.890 500.753 1613.507 2709.050 4772.700 1574.050 2149.080 2185.240 17379.533 3.373 18.370
3.769 14.908 2.039 1.410 1.000 2.000 4.000 14993.871 407933.155 1459.963 16831.134 1219.423 30438.780 548.623 1619.523 2855.000 5091.400 1631.400 7387.580 33826.350 422952.811 43.267 524.364
3.473 11.267 2.019 1.685 1.000 2.000 4.000 14993.814 407933.076 1574.746 17154.798 1220.153 30439.843 633.500 1955.367 4122.700 6015.160 1924.750 18816.180 34248.863 422936.966 43.957 524.341
4.319 33.366 2.064 1.804 1.000 2.000 4.000 14994.229 407934.964 1576.816 17155.677 1212.963 30412.123 611.850 1946.473 4465.750 6015.160 1876.900 18816.180 34183.410 422941.891 43.747 524.356
4.468 33.270 1.915 1.525 1.000 2.000 3.400 14994.204 407935.034 1535.684 17130.188 1213.280 30411.170 572.053 1879.247 4095.400 6015.160 1861.700 13028.300 34075.750 422948.543 43.583 524.367
5.044 38.354 1.659 1.088 1.000 1.000 3.000 14994.221 407935.397 1116.318 3485.852 1213.840 30406.290 409.307 470.523 3368.050 4920.880 1641.550 3229.440 32499.960 422714.272 41.767 524.197
4.848 34.564 1.674 1.263 1.000 1.000 3.000 52.316 52.957 1140.243 4914.595 13.767 22.473 444.087 693.867 2846.850 4758.220 1525.750 2563.040 1174.193 5403.302 2.383 8.049
4.192 23.540 1.608 0.905 1.000 1.000 3.000 52.707 54.799 1030.317 6255.113 14.783 25.983 415.463 683.810 2598.600 4462.300 1509.750 2214.800 1140.040 6563.927 2.317 8.680
3.596 9.258 1.667 0.994 1.000 2.000 3.000 52.415 55.221 1032.154 6253.725 15.313 27.427 429.203 683.110 2650.950 4171.960 1429.550 2169.840 1155.053 6552.506 2.353 8.565
3.276 8.786 1.930 1.855 1.000 2.000 3.400 76.370 64.510 1328.281 6284.352 20.593 33.410 572.023 765.863 3084.550 4793.220 1560.800 3346.980 1391.890 6687.782 2.873 8.982
3.067 5.496 1.933 1.762 1.000 2.000 3.100 62.160 62.874 1400.151 6284.318 17.883 33.297 636.833 786.660 3323.600 4904.320 1596.300 3346.980 1474.673 6703.715 3.030 9.032
2.825 4.747 1.937 1.837 1.000 2.000 3.800 62.328 66.994 1473.972 9747.289 18.947 36.497 657.680 1055.357 3674.050 4928.820 1623.500 3351.020 1768.480 10407.793 3.507 13.317
3.033 5.769 1.917 1.910 1.000 2.000 4.000 75.949 66.781 1450.906 8272.150 20.347 34.277 635.807 744.573 3660.500 4902.500 1555.750 2336.900 1435.003 8969.737 3.073 11.706
2.862 4.858 1.754 1.201 1.000 2.000 3.000 76.513 69.250 1475.729 8273.893 21.593 36.843 654.960 763.893 3660.500 4902.500 1680.050 2495.540 1477.290 8985.021 3.270 11.848
3.270 6.197 1.516 0.734 1.000 1.000 2.000 51.641 57.691 1273.119 8250.815 14.797 27.627 500.613 669.587 2957.900 4668.560 1516.750 2109.940 1212.623 8895.371 2.703 11.598
3.707 19.483 1.466 0.559 1.000 1.000 2.000 52.038 57.199 1190.066 8250.515 14.710 26.703 431.630 648.897 2848.400 4145.460 1477.000 1921.780 1121.940 8880.190 2.537 11.559
5.581 61.313 1.395 0.286 1.000 1.000 2.000 50.800 46.871 928.393 405.294 11.597 18.730 276.077 124.180 2214.250 3064.140 1131.250 1623.460 430.583 1321.703 1.347 3.577
6.282 91.331 1.375 0.284 1.000 1.000 2.000 62.759 53.893 892.568 388.933 12.100 19.117 221.320 100.497 2080.000 3071.760 1054.650 1567.140 353.033 1265.175 1.183 3.521
8.633 113.966 1.414 0.380 1.000 1.000 2.000 61.828 48.957 695.548 260.183 9.787 14.117 126.217 52.277 148.000 2913.800 177.850 1135.940 202.397 927.203 0.733 2.609
11.083 162.493 1.478 0.510 1.000 1.000 2.800 61.824 55.202 450.026 181.166 9.253 13.737 57.193 23.903 42.700 202.520 114.300 550.100 104.087 621.982 0.487 1.984
10.520 128.490 1.542 0.998 1.000 1.000 3.000 87.886 57.908 486.039 233.249 14.167 14.407 61.927 27.117 94.900 801.300 114.300 532.280 117.617 706.123 0.517 2.222
9.704 91.023 1.462 0.941 1.000 1.000 3.000 88.046 64.266 486.039 233.249 14.433 16.450 61.927 27.117 112.400 801.300 136.450 532.280 119.927 706.510 0.533 2.234
12.091 99.628 1.545 0.975 1.000 1.000 2.900 66.613 59.216 402.587 194.015 10.840 14.023 46.023 19.563 73.100 146.460 114.150 418.200 90.450 569.566 0.410 1.750
11.739 133.497 1.364 0.868 1.000 1.000 2.000 67.321 88.291 361.500 187.511 11.373 19.633 35.417 16.300 80.700 134.000 114.150 483.000 82.723 541.879 0.437 1.864
10.269 99.351 1.320 0.698 1.000 1.000 2.000 81.288 94.414 480.823 235.974 14.347 21.720 60.907 27.160 120.000 797.020 232.250 695.680 124.133 711.183 0.553 2.279
13.850 153.227 1.211 0.166 1.000 1.000 2.000 51.390 91.953 319.865 144.489 8.320 18.880 25.490 10.860 42.000 134.000 114.000 477.100 63.550 477.215 0.370 1.734
14.632 204.127 1.222 0.173 1.000 1.000 2.000 51.837 87.969 319.865 144.489 8.500 17.217 25.490 10.860 80.000 134.000 114.000 423.200 62.067 476.583 0.367 1.737
14.526 203.512 1.333 0.556 1.000 1.000 2.000 67.813 86.901 446.381 231.063 10.643 16.897 50.097 24.087 94.000 146.860 114.000 662.640 101.723 684.155 0.467 2.234
16.353 206.464 1.375 0.609 1.000 1.000 2.000 67.483 57.675 446.381 231.063 10.023 10.630 50.097 24.087 80.700 146.860 95.950 346.040 94.837 680.933 0.407 2.131
26.091 140.446 1.300 0.810 1.000 1.000 1.300 48.945 33.012 313.363 181.108 6.117 5.297 24.607 13.227 0.000 134.000 0.000 114.000 49.247 497.858 0.233 1.585
23.417 179.076 1.727 1.835 1.000 1.000 4.000 65.576 37.479 442.727 249.770 8.933 6.500 49.903 25.893 72.400 146.620 52.150 321.500 91.230 681.992 0.340 1.973
23.417 164.743 1.727 1.835 1.000 1.000 4.000 65.576 37.479 442.727 249.770 8.933 6.500 49.903 25.893 72.400 146.620 52.150 321.500 91.230 681.992 0.340 1.973
21.769 205.870 1.417 1.243 1.000 1.000 1.900 48.576 37.983 314.731 172.974 6.610 6.957 25.297 12.667 40.000 134.000 40.550 117.400 51.530 472.404 0.243 1.382
21.462 227.325 1.750 1.688 1.000 1.000 3.800 68.173 36.304 447.509 207.663 9.157 6.797 51.363 23.547 72.000 146.620 78.350 307.280 90.863 639.684 0.327 1.717
18.467 219.849 1.643 1.515 1.000 1.000 3.400 68.313 39.241 447.509 207.663 9.557 7.930 51.363 23.547 72.400 146.620 88.350 307.280 92.397 639.795 0.350 1.740
18.733 229.129 1.357 0.658 1.000 1.000 2.000 52.860 35.310 320.199 116.102 7.187 7.107 26.067 10.880 40.000 134.000 78.350 187.340 51.240 438.412 0.257 1.293
16.235 146.062 1.500 0.750 1.000 1.000 2.500 68.481 46.897 442.050 212.971 9.703 9.577 50.360 24.103 72.400 146.700 114.000 329.340 93.743 643.123 0.383 1.893
18.533 188.782 1.571 0.816 1.000 1.000 2.700 68.794 42.661 442.050 212.971 9.750 8.047 50.360 24.103 80.000 146.700 103.550 329.340 92.260 643.018 0.370 1.890
19.929 176.923 1.615 0.698 1.000 1.200 3.000 65.056 43.067 427.157 270.085 9.020 7.773 48.063 27.700 72.400 146.500 84.150 327.140 92.557 679.015 0.350 1.883
21.538 237.479 1.667 0.722 1.000 1.600 3.000 65.304 40.873 427.157 270.085 9.067 7.020 48.063 27.700 72.400 146.500 74.500 327.140 91.850 678.950 0.340 1.874
23.500 219.917 1.636 0.777 1.000 1.000 3.000 65.098 40.648 427.157 270.085 8.620 6.640 48.063 27.700 72.000 146.500 74.500 327.140 91.023 678.986 0.327 1.869
25.727 242.744 1.700 0.810 1.000 1.400 3.000 71.167 32.609 477.419 247.865 8.740 5.013 54.570 25.507 41.600 146.500 40.600 123.300 93.830 692.548 0.303 1.807
25.727 218.562 1.700 0.810 1.000 1.400 3.000 71.167 32.552 477.419 247.865 8.740 4.997 54.570 25.507 41.600 146.500 40.600 118.400 93.813 692.545 0.303 1.807
28.800 187.160 1.333 0.444 1.000 1.000 2.200 56.634 26.784 374.061 143.501 6.210 3.883 30.800 11.030 0.000 134.000 0.000 114.000 51.923 495.610 0.210 1.460
25.818 235.603 1.600 0.440 1.000 2.000 2.100 71.203 32.120 480.741 197.675 8.743 4.953 54.790 21.417 40.000 146.520 40.000 118.140 89.903 662.868 0.303 1.818
25.818 214.876 1.600 0.440 1.000 2.000 2.100 71.203 32.120 480.741 197.675 8.743 4.953 54.790 21.417 40.000 146.520 40.000 118.140 89.903 662.868 0.303 1.818
28.700 274.210 1.444 0.247 1.000 1.800 2.000 48.132 25.173 304.414 136.792 6.107 4.110 23.990 10.387 0.000 134.000 0.000 114.000 44.593 445.759 0.200 1.257
32.000 154.889 1.500 0.250 1.000 2.000 2.000 47.562 24.358 304.414 136.792 5.660 3.730 23.990 10.387 0.000 134.000 0.000 114.000 43.767 445.611 0.187 1.238
26.000 250.727 1.400 0.240 1.000 1.400 2.000 49.398 27.978 304.414 136.792 6.770 4.830 23.990 10.387 0.000 134.000 0.000 114.000 45.977 446.262 0.217 1.287
26.091 162.083 1.300 0.210 1.000 1.000 2.000 50.916 25.623 315.277 172.046 6.457 4.303 25.267 14.007 0.000 134.000 0.000 114.000 50.033 491.613 0.223 1.465
23.833 234.806 1.273 0.198 1.000 1.000 2.000 51.443 26.390 315.277 172.046 6.903 4.683 25.267 14.007 0.000 134.000 0.000 114.000 50.860 491.736 0.237 1.481
26.182 166.149 1.200 0.160 1.000 1.000 2.000 51.162 26.005 315.277 172.046 6.457 4.303 25.267 14.007 0.000 134.000 0.000 114.000 50.033 491.716 0.223 1.474
21.846 225.053 1.333 0.222 1.000 1.000 2.000 66.662 31.128 466.351 249.017 8.967 5.340 53.473 27.237 40.000 210.080 40.000 217.220 95.017 713.599 0.340 2.023
23.750 269.354 1.364 0.231 1.000 1.000 2.000 65.751 28.646 466.351 249.017 8.303 4.620 53.473 27.237 2.000 146.380 2.000 117.260 93.633 713.380 0.323 2.005
26.000 240.364 1.400 0.440 1.000 1.000 2.100 47.537 25.802 661.871 390.508 5.903 4.420 73.940 37.517 0.000 134.000 0.000 114.120 121.780 1039.103 0.367 2.468
11.348 227.792 1.773 0.721 1.000 2.000 3.000 65.678 48.751 836.785 2145.257 11.743 13.533 187.777 206.203 2007.500 2968.300 759.350 1462.440 419.257 2590.139 0.970 4.055
9.071 154.638 1.643 0.658 1.000 2.000 3.000 65.759 50.143 869.043 2147.097 12.410 15.200 217.503 219.227 2060.000 2968.300 927.750 1533.560 464.340 2608.379 1.077 4.103
9.143 153.051 1.630 0.678 1.000 2.000 3.000 50.408 47.485 803.994 2140.724 10.347 14.543 189.297 205.997 2007.500 2840.360 766.050 1462.440 420.183 2562.975 0.973 3.884
8.097 85.700 1.633 0.699 1.000 2.000 3.000 85.931 382.602 850.006 2146.477 15.920 38.333 223.643 222.833 2060.050 2907.980 927.750 1561.520 500.730 2677.283 1.183 4.501
8.161 115.103 1.567 0.646 1.000 1.400 3.000 86.183 382.590 646.250 2120.530 16.100 37.990 177.910 198.547 2047.650 2824.300 766.050 1463.000 430.547 2532.636 1.040 4.095
15.444 186.580 1.294 0.325 1.000 1.000 2.000 74.223 380.953 391.481 210.793 10.317 28.897 64.073 29.860 114.050 2007.800 90.250 656.960 133.147 889.963 0.443 2.572
21.846 250.438 1.333 0.389 1.000 1.000 2.000 74.476 380.862 298.509 177.771 10.097 27.610 34.347 16.837 40.000 136.220 41.700 114.920 88.890 816.952 0.350 2.477
20.143 222.122 1.385 0.544 1.000 1.000 2.800 85.796 381.206 425.260 251.728 12.163 28.267 58.537 30.070 75.100 783.780 103.550 325.540 129.037 940.301 0.450 2.818
28.700 210.210 1.444 0.469 1.000 1.000 2.200 48.957 25.483 305.615 179.472 6.143 4.097 24.190 13.233 0.000 134.000 0.000 114.000 47.663 474.399 0.227 1.543
28.700 188.210 1.444 0.469 1.000 1.000 2.200 48.957 25.483 305.615 179.472 6.143 4.097 24.190 13.233 0.000 134.000 0.000 114.000 47.663 474.399 0.227 1.543
23.417 176.910 1.727 1.471 1.000 1.000 3.000 63.065 32.608 428.927 227.572 8.443 5.963 48.210 23.947 72.000 145.740 75.450 229.900 86.563 637.292 0.323 1.906
23.333 187.222 1.818 1.421 1.000 2.000 3.000 62.866 32.304 428.927 227.572 8.443 5.963 48.210 23.947 72.000 145.740 74.000 229.900 86.563 637.212 0.323 1.899
28.400 130.040 1.778 1.506 1.000 1.800 2.600 45.751 27.064 302.886 140.933 5.930 4.927 24.020 10.713 2.000 134.000 40.000 114.000 45.590 431.099 0.210 1.324
25.727 216.562 1.700 1.410 1.000 1.400 2.300 46.341 27.783 302.886 140.933 6.377 5.307 24.020 10.713 40.000 134.000 40.000 114.000 46.417 431.249 0.223 1.342
21.462 228.249 1.750 1.188 1.000 2.000 2.000 79.461 34.655 439.023 203.539 10.480 6.860 49.497 21.873 72.400 174.160 74.000 229.900 88.710 642.142 0.353 1.999
17.500 277.750 1.333 0.222 1.000 1.000 2.000 68.936 55.534 319.726 147.666 9.457 10.780 25.477 11.160 80.000 134.000 74.800 239.460 56.873 483.788 0.330 1.742
15.444 232.580 1.294 0.208 1.000 1.000 2.000 69.128 77.311 457.219 224.036 9.677 13.827 51.987 24.920 80.700 160.060 114.000 490.660 100.410 697.554 0.457 2.294
13.700 199.110 1.368 0.338 1.000 1.000 2.000 69.647 78.544 457.219 224.036 10.657 15.473 51.987 24.920 94.000 160.060 114.000 490.660 103.037 697.597 0.497 2.314
9.500 126.536 1.214 0.240 1.000 1.000 2.000 70.643 106.700 457.219 224.036 12.343 24.770 51.987 24.920 120.700 160.060 137.850 803.600 114.020 701.503 0.613 2.476
9.889 121.210 1.269 0.351 1.000 1.000 2.000 27.768 106.831 328.900 169.392 8.193 24.767 26.510 13.760 80.000 134.000 120.000 490.660 73.230 517.746 0.490 1.989
10.269 113.812 1.320 0.458 1.000 1.000 2.600 27.145 102.603 444.821 214.664 7.660 22.190 50.800 26.770 94.000 160.000 120.700 882.920 107.420 663.257 0.560 2.288
10.760 119.702 1.292 0.457 1.000 1.000 2.700 26.227 87.746 301.626 133.210 7.260 19.303 24.290 13.010 42.000 134.000 115.200 378.540 63.863 433.575 0.433 1.741
10.640 116.230 1.360 0.550 1.000 1.000 3.000 25.402 86.918 425.987 193.269 6.993 18.583 48.307 23.727 80.700 160.000 115.200 803.480 97.610 605.081 0.503 2.065
17.250 159.938 1.600 0.773 1.000 1.000 3.000 21.383 46.981 425.987 193.269 4.860 8.907 48.307 23.727 41.600 134.000 83.050 378.540 85.800 600.281 0.373 1.857
17.375 190.109 1.467 0.649 1.000 1.000 3.000 22.374 41.676 425.987 193.269 4.907 7.357 48.307 23.727 72.400 134.000 81.000 328.560 84.297 600.074 0.367 1.862
20.143 213.551 1.385 0.544 1.000 1.000 2.800 19.632 25.661 302.743 141.020 3.927 5.207 24.017 10.717 40.000 134.000 53.100 114.000 43.867 428.885 0.223 1.327
17.500 218.375 1.333 0.489 1.000 1.000 2.600 21.266 32.396 434.768 246.985 4.373 6.210 49.117 25.160 40.000 134.000 74.300 175.800 84.860 665.530 0.320 1.737
22.000 233.846 1.167 0.139 1.000 1.000 1.900 19.684 31.177 313.967 203.531 3.660 5.283 25.100 14.443 0.000 134.000 0.000 114.040 48.487 513.321 0.210 1.272
20.357 278.087 1.154 0.130 1.000 1.000 1.800 21.067 31.799 313.967 203.531 4.107 5.663 25.100 14.443 2.000 134.000 2.000 114.040 49.313 513.442 0.223 1.291
17.750 264.438 1.067 0.062 1.000 1.000 1.000 20.984 41.208 313.967 203.531 4.193 7.727 25.100 14.443 40.000 134.000 41.700 175.800 51.463 514.146 0.243 1.326
18.800 262.293 1.286 0.347 1.000 1.000 2.000 20.274 37.488 438.508 261.723 4.060 6.660 49.737 28.080 40.000 134.000 53.100 289.180 88.537 676.826 0.323 1.802
21.846 276.438 1.333 0.389 1.000 1.000 2.000 20.274 40.118 308.141 165.735 4.060 6.923 24.637 13.637 40.000 134.000 40.000 114.000 49.257 447.447 0.243 1.446
18.867 265.049 1.214 0.311 1.000 1.000 1.700 21.084 40.807 308.141 165.735 4.327 7.463 24.637 13.637 40.000 134.000 53.300 114.000 50.063 447.580 0.257 1.462
16.353 240.346 1.375 0.359 1.000 1.000 2.000 20.682 43.737 442.062 219.236 4.593 8.673 50.107 24.500 40.000 134.000 81.050 289.500 87.873 640.297 0.367 1.954
16.353 208.346 1.375 0.359 1.000 1.000 2.000 21.036 42.337 442.062 219.236 4.727 8.477 50.107 24.500 42.000 134.000 81.050 282.960 87.810 640.272 0.373 1.967
15.500 194.139 1.235 0.180 1.000 1.000 2.000 22.639 48.131 318.940 144.543 5.307 9.823 25.470 10.863 40.000 134.000 81.050 262.400 51.463 465.300 0.307 1.570
15.444 178.469 1.294 0.208 1.000 1.000 2.000 21.036 46.549 437.376 203.905 4.727 9.300 49.257 21.727 40.000 134.000 82.100 331.100 85.010 640.840 0.373 1.967
15.444 174.469 1.294 0.208 1.000 1.000 2.000 22.225 48.190 437.376 203.905 5.040 9.887 49.257 21.727 42.000 134.000 114.000 331.100 85.910 640.985 0.383 1.979
17.625 177.734 1.200 0.160 1.000 1.000 2.000 20.839 45.944 301.308 144.640 4.460 8.873 23.787 10.863 40.000 134.000 74.100 224.760 47.983 448.237 0.270 1.480
20.286 260.776 1.231 0.178 1.000 1.000 2.000 21.167 39.618 301.308 144.640 4.240 7.007 23.787 10.863 40.000 134.000 40.000 115.180 45.897 447.568 0.243 1.441
21.846 206.592 1.333 0.389 1.000 1.000 2.000 19.937 31.888 430.443 196.833 3.527 5.267 49.033 24.060 40.000 134.000 41.700 227.220 81.887 617.054 0.310 1.820
21.846 193.515 1.333 0.389 1.000 1.000 2.000 19.794 32.827 309.348 134.570 3.793 5.637 25.247 13.197 40.000 134.000 40.000 115.180 47.873 431.392 0.237 1.357
23.750 188.354 1.364 0.413 1.000 1.000 2.000 19.684 30.302 309.348 134.570 3.660 4.890 25.247 13.197 2.000 134.000 2.000 114.000 46.993 431.219 0.227 1.347
23.583 195.243 1.545 0.975 1.000 1.000 3.000 20.310 29.402 434.998 191.933 3.660 4.593 50.073 23.870 40.000 134.000 74.500 119.860 82.197 604.621 0.307 1.720
20.000 180.286 1.538 0.864 1.000 1.000 2.800 19.902 30.733 434.998 191.933 3.927 5.393 50.073 23.870 40.000 134.000 78.300 166.900 83.263 604.542 0.320 1.718
16.294 126.090 1.438 0.746 1.000 1.000 2.500 20.878 40.192 307.864 137.881 4.860 8.500 24.827 10.673 40.000 134.000 82.100 145.280 48.860 430.348 0.270 1.308
17.188 163.402 1.667 1.022 1.000 1.000 3.000 22.639 44.747 428.886 191.900 5.307 8.997 49.093 23.863 41.600 134.000 102.600 387.860 87.260 607.961 0.387 1.935
18.400 133.040 1.714 1.061 1.000 1.000 3.000 21.383 44.336 428.886 191.900 4.860 8.617 49.093 23.863 40.000 134.000 84.900 387.860 86.433 607.911 0.373 1.924
15.167 154.139 1.500 0.583 1.000 1.000 3.000 132.773 135.817 300.612 134.522 15.863 22.023 24.267 13.190 40.000 134.000 114.000 531.500 75.343 497.643 0.450 2.208
14.316 162.216 1.556 0.691 1.000 1.000 3.000 134.584 397.668 542.349 549.647 16.637 43.140 65.967 49.273 72.400 1210.980 145.700 802.540 175.017 1435.785 0.617 3.287
16.176 229.675 1.562 0.621 1.000 1.000 3.000 134.598 397.098 542.349 549.647 16.283 40.770 65.967 49.273 73.100 1210.980 114.000 802.540 172.293 1435.788 0.587 3.276
16.412 224.595 1.312 0.340 1.000 1.000 2.000 134.439 398.694 453.650 533.824 15.703 41.373 41.700 36.083 40.000 134.000 107.350 652.040 134.860 1373.074 0.463 2.960
14.421 214.033 1.444 0.469 1.000 1.000 2.300 134.515 398.688 541.603 552.026 16.150 41.773 65.477 46.933 72.400 1210.980 114.000 799.540 170.333 1434.378 0.563 3.194
21.615 270.083 1.462 0.556 1.000 1.000 2.800 30.416 378.144 541.603 552.026 5.013 28.087 65.477 46.933 41.600 134.000 53.100 182.560 145.510 1415.898 0.397 2.816
21.846 300.438 1.333 0.389 1.000 1.000 2.000 21.067 51.620 299.196 143.344 4.107 6.703 23.777 10.850 40.000 134.000 40.000 114.000 45.437 430.283 0.223 1.395
21.846 227.822 1.333 0.389 1.000 1.000 2.000 19.572 50.916 450.271 203.976 3.527 5.967 51.163 21.900 40.000 134.000 40.000 120.800 82.557 643.017 0.300 1.902
23.750 237.688 1.364 0.413 1.000 1.000 2.000 19.067 18.533 450.271 203.976 3.260 3.213 51.163 21.900 2.000 134.000 2.000 114.120 79.537 641.267 0.283 1.882
22.077 258.225 1.083 0.076 1.000 1.000 1.000 19.826 21.532 454.462 229.152 3.393 3.797 51.460 24.047 0.000 134.000 0.000 114.920 82.697 683.201 0.297 1.989
22.000 263.538 1.167 0.139 1.000 1.000 1.900 19.183 21.069 454.462 229.152 3.393 3.797 51.460 24.047 0.000 134.000 0.000 114.920 82.697 683.127 0.297 1.982
21.923 239.302 1.250 0.188 1.000 1.000 2.000 19.067 19.035 543.256 270.580 3.260 3.263 75.287 35.087 2.000 183.120 2.000 196.880 116.897 812.707 0.380 2.334
23.917 220.576 1.182 0.149 1.000 1.000 2.000 19.826 23.353 428.045 229.011 3.393 4.013 47.900 24.037 0.000 134.000 0.000 115.340 79.343 659.426 0.293 1.946
18.867 256.516 1.214 0.168 1.000 1.000 2.000 21.762 39.171 428.045 229.011 4.373 6.703 47.900 24.037 40.000 134.000 41.700 181.880 83.013 660.196 0.343 2.006
21.923 197.609 1.250 0.188 1.000 1.000 2.000 20.793 43.797 301.735 145.719 4.060 7.063 23.827 11.040 2.000 134.000 2.000 115.240 45.990 449.918 0.250 1.497
15.444 174.802 1.294 0.325 1.000 1.000 2.000 59.965 381.992 458.158 213.356 8.267 31.733 58.123 27.403 80.000 134.000 114.000 519.800 125.527 942.190 0.480 2.759
17.500 189.125 1.333 0.356 1.000 1.000 2.000 59.667 382.262 347.130 156.997 8.087 32.333 34.297 16.363 41.600 134.000 87.400 352.040 91.080 833.459 0.393 2.475
15.444 198.914 1.294 0.325 1.000 1.000 2.000 60.979 382.520 347.130 156.997 9.170 33.497 34.297 16.363 80.000 134.000 114.000 352.040 93.327 833.680 0.430 2.510
16.294 141.266 1.438 0.496 1.000 1.000 2.500 60.211 381.397 457.061 205.973 8.323 31.090 58.520 29.603 80.000 151.460 114.000 663.440 127.537 929.670 0.483 2.710
15.278 164.423 1.471 0.484 1.000 1.000 2.400 60.464 381.722 457.061 205.973 8.723 32.370 58.520 29.603 80.700 151.460 114.000 663.440 129.217 929.749 0.507 2.731
18.733 184.996 1.357 0.372 1.000 1.000 2.000 24.104 42.654 300.112 134.944 5.097 8.360 24.223 13.240 40.000 134.000 82.100 294.000 50.920 424.215 0.297 1.477
16.412 150.478 1.312 0.340 1.000 1.000 2.000 23.662 43.532 300.112 134.944 5.230 8.763 24.223 13.240 40.000 134.000 82.050 294.080 51.457 424.207 0.307 1.483
15.278 151.312 1.471 0.484 1.000 1.000 2.400 22.058 50.433 439.855 196.076 5.127 10.340 50.427 24.107 80.000 134.000 114.000 407.320 90.000 612.771 0.407 1.924
16.412 164.595 1.312 0.340 1.000 1.000 2.000 22.619 50.649 323.534 143.261 5.127 10.347 26.203 10.867 40.000 134.000 83.050 298.680 52.543 449.949 0.310 1.556
16.412 174.125 1.312 0.340 1.000 1.000 2.000 22.225 42.747 323.534 143.261 5.040 8.607 26.203 10.867 40.000 134.000 82.050 151.380 50.717 448.900 0.287 1.489
16.412 116.830 1.312 0.340 1.000 1.000 2.000 21.036 47.679 323.534 143.261 4.727 9.673 26.203 10.867 40.000 134.000 82.050 173.240 51.470 449.288 0.280 1.477
14.579 130.139 1.278 0.312 1.000 1.000 2.000 22.402 48.475 323.534 143.261 5.307 10.613 26.203 10.867 40.000 134.000 114.000 240.440 52.990 449.432 0.300 1.489
17.500 143.125 1.333 0.622 1.000 1.000 2.000 21.182 39.660 299.501 145.874 4.460 8.243 23.930 11.063 40.000 134.000 74.350 196.880 47.697 447.164 0.257 1.404
14.579 147.191 1.278 0.534 1.000 1.000 2.000 22.955 46.512 299.501 145.874 5.307 10.610 23.930 11.063 40.000 134.000 114.000 240.280 50.910 448.012 0.297 1.454
16.412 158.948 1.312 0.590 1.000 1.000 2.000 21.623 45.410 299.501 145.874 4.727 9.727 23.930 11.063 40.000 134.000 82.300 240.280 49.447 447.811 0.277 1.435
17.500 204.250 1.333 0.622 1.000 1.000 2.000 21.528 39.753 299.501 145.874 4.593 8.287 23.930 11.063 40.000 134.000 74.350 219.420 47.873 447.280 0.270 1.432
18.667 200.889 1.429 0.816 1.000 1.000 2.700 21.475 34.435 460.464 214.415 4.060 6.343 58.973 27.177 41.600 144.600 107.350 359.900 96.553 670.891 0.353 1.871
13.800 188.460 1.263 0.404 1.000 1.000 2.200 21.900 59.446 352.141 158.275 5.127 12.823 35.043 16.113 40.000 134.000 114.000 361.280 69.107 509.048 0.337 1.524
14.579 228.560 1.278 0.423 1.000 1.000 2.300 22.382 62.565 352.141 158.275 5.127 12.667 35.043 16.113 40.000 134.000 114.000 473.800 68.950 509.637 0.340 1.574
12.318 179.581 1.381 0.712 1.000 1.000 3.000 23.581 63.797 425.767 209.495 5.793 14.090 58.603 26.677 82.000 168.800 114.250 539.240 105.163 624.044 0.450 1.962
11.696 183.081 1.409 0.696 1.000 1.000 2.900 24.491 69.311 425.767 209.495 6.373 15.810 58.603 26.677 95.300 168.800 120.950 539.240 107.463 624.549 0.473 1.981
12.905 195.229 1.450 0.748 1.000 1.000 3.000 23.355 69.084 386.418 199.087 5.927 15.430 47.553 21.467 80.000 134.000 114.150 485.560 90.377 567.230 0.433 1.990
15.222 198.395 1.444 0.691 1.000 1.000 2.300 24.109 58.883 386.418 199.087 5.840 11.683 47.553 21.467 80.700 134.000 95.000 442.860 86.543 566.256 0.413 2.001
17.312 175.090 1.533 0.782 1.000 1.000 2.600 21.876 49.815 386.418 199.087 4.860 9.183 47.553 21.467 72.400 134.000 80.300 419.460 83.063 565.265 0.363 1.925
17.438 165.871 1.400 0.507 1.000 1.000 2.600 22.934 58.029 426.673 229.270 5.040 10.480 48.007 24.127 80.000 134.000 103.550 442.860 87.653 636.260 0.393 2.083
17.375 133.984 1.375 0.484 1.000 1.000 2.500 23.320 66.099 426.673 229.270 5.260 12.207 48.007 24.127 80.000 134.000 103.550 443.820 89.600 637.203 0.427 2.161
17.562 145.246 1.267 0.329 1.000 1.000 2.000 23.320 66.099 302.785 179.346 5.260 12.207 24.013 13.223 40.000 134.000 80.300 411.160 54.703 474.221 0.337 1.756
17.562 193.871 1.267 0.329 1.000 1.000 2.000 23.934 76.572 302.785 179.346 5.393 13.500 24.013 13.223 40.000 134.000 81.250 412.620 56.130 476.072 0.347 1.781
15.444 181.358 1.294 0.325 1.000 1.000 2.000 23.404 76.457 454.688 247.916 5.393 13.517 51.663 27.243 80.000 134.000 86.850 534.740 97.817 696.697 0.450 2.224
13.190 186.345 1.150 0.128 1.000 1.000 2.000 25.816 90.172 341.160 172.245 6.193 16.490 27.650 14.020 40.000 134.000 87.400 412.620 64.353 523.490 0.403 1.922
13.950 172.748 1.105 0.094 1.000 1.000 1.200 24.672 80.443 341.160 172.245 5.527 13.547 27.650 14.020 40.000 134.000 83.600 217.020 60.743 521.489 0.353 1.813
11.957 165.346 1.136 0.118 1.000 1.000 1.900 26.844 95.392 341.160 172.245 6.640 17.203 27.650 14.020 40.000 134.000 114.000 223.480 65.513 524.635 0.413 1.940
13.900 151.290 1.158 0.133 1.000 1.000 2.000 24.437 79.734 457.255 224.261 5.260 12.057 51.820 24.893 40.000 134.520 83.600 231.620 94.030 686.115 0.427 2.231
13.143 147.170 1.143 0.122 1.000 1.000 2.000 27.173 97.287 306.640 144.671 6.507 17.130 24.170 10.873 40.000 134.000 114.000 220.100 58.680 464.237 0.393 1.908
16.529 174.955 1.188 0.152 1.000 1.000 2.000 23.379 78.638 306.640 144.671 4.993 11.713 24.170 10.873 40.000 134.000 77.200 156.280 51.750 459.471 0.307 1.709
14.421 170.981 1.368 0.338 1.000 1.000 2.000 30.843 126.183 438.132 229.021 7.307 20.533 49.480 23.857 95.300 160.800 114.000 899.360 101.177 665.948 0.547 2.577
15.333 163.889 1.412 0.360 1.000 1.000 2.000 28.627 115.386 438.132 229.021 6.327 17.170 49.480 23.857 73.100 160.800 89.300 873.880 96.833 663.632 0.493 2.483
14.526 178.670 1.333 0.333 1.000 1.000 2.000 28.752 115.750 314.889 178.335 6.593 17.997 25.310 12.983 40.000 134.000 84.200 254.400 62.883 491.829 0.417 2.136
16.412 180.478 1.312 0.340 1.000 1.000 2.000 31.482 118.124 314.889 178.335 6.460 17.273 25.310 12.983 40.000 134.000 83.050 254.640 62.027 493.582 0.407 2.205
15.278 142.867 1.471 0.484 1.000 1.000 2.400 31.310 119.244 436.007 228.472 6.593 18.063 49.390 23.870 72.400 200.800 89.300 873.040 97.917 652.203 0.507 2.544
18.800 159.360 1.286 0.347 1.000 1.000 2.000 24.980 66.369 303.588 143.802 4.593 9.117 24.080 10.887 40.000 134.000 53.100 115.000 48.677 439.018 0.273 1.663
16.529 116.837 1.188 0.277 1.000 1.000 1.500 26.405 80.769 303.588 143.802 5.127 12.093 24.080 10.887 40.000 134.000 84.050 166.440 52.187 442.001 0.310 1.748
16.471 119.543 1.250 0.312 1.000 1.000 2.000 26.895 80.399 303.588 143.802 5.440 11.943 24.080 10.887 40.000 134.000 77.400 117.440 52.350 441.946 0.317 1.750
18.600 117.307 1.500 0.821 1.000 1.000 2.700 21.442 58.628 441.634 200.673 4.593 9.083 50.267 21.580 41.600 134.000 85.100 320.720 85.523 627.595 0.363 1.983
20.143 184.265 1.385 0.698 1.000 1.000 2.000 22.284 56.218 322.702 140.796 4.773 8.417 26.187 10.693 40.000 134.000 74.000 114.000 50.070 459.629 0.270 1.518
21.769 152.639 1.417 0.743 1.000 1.000 2.000 20.995 57.137 322.702 140.796 4.327 8.513 26.187 10.693 40.000 134.000 41.700 114.120 49.720 459.648 0.260 1.507
23.500 172.917 1.636 0.959 1.000 1.000 3.000 21.067 34.071 441.560 197.793 4.107 5.623 50.253 21.320 40.000 134.000 53.100 122.160 81.303 622.899 0.313 1.837
23.500 133.583 1.636 0.959 1.000 1.000 3.000 19.794 33.751 441.560 197.793 3.793 5.503 50.253 21.320 40.000 134.000 53.100 122.160 80.870 622.828 0.307 1.827
18.800 152.560 1.286 0.347 1.000 1.000 2.000 19.632 23.049 303.479 139.734 3.927 4.807 24.067 10.627 40.000 134.000 53.100 114.000 43.427 428.297 0.220 1.321
16.471 171.073 1.250 0.312 1.000 1.000 2.000 131.150 53.619 431.506 227.254 11.433 7.593 48.340 23.783 40.000 134.000 77.050 116.280 91.150 668.811 0.357 2.034
12.667 112.889 1.619 0.998 1.000 1.000 3.000 131.631 56.142 669.791 2113.416 12.763 10.033 141.880 177.277 1106.300 2716.960 141.100 1474.900 341.953 2344.840 0.773 3.541
10.520 117.130 1.542 0.915 1.000 1.000 3.000 131.659 57.704 666.863 2111.970 13.297 11.633 156.670 181.953 2005.200 2764.140 658.550 1474.900 363.553 2342.336 0.813 3.455
10.520 98.490 1.542 0.915 1.000 1.000 3.000 131.761 58.032 666.863 2111.970 13.430 11.923 156.670 181.953 2005.200 2764.140 658.550 1474.900 363.977 2342.303 0.820 3.459
10.480 126.890 1.583 0.910 1.000 1.000 3.000 131.834 58.388 716.327 2118.068 13.610 12.030 172.330 191.870 2031.450 2771.020 707.400 1519.180 389.840 2379.754 0.900 3.689
11.522 133.728 1.591 0.969 1.000 1.000 3.000 23.925 34.133 651.956 2111.520 5.790 9.440 148.057 178.713 1896.650 2764.140 654.100 1474.900 342.000 2329.806 0.760 3.373
15.444 208.802 1.294 0.325 1.000 1.000 2.000 21.305 27.214 404.696 209.935 4.773 6.620 54.517 25.220 40.000 171.400 89.300 188.500 91.130 613.945 0.347 1.718
18.800 183.227 1.286 0.204 1.000 1.000 2.000 20.839 40.218 270.787 171.475 4.460 7.170 15.660 9.917 40.000 120.280 74.000 114.000 37.207 445.258 0.253 1.554
16.529 174.837 1.188 0.152 1.000 1.000 2.000 32.356 43.222 270.787 171.475 6.540 8.253 15.660 9.917 40.000 134.000 74.700 118.020 40.370 446.949 0.290 1.625
20.286 166.061 1.231 0.178 1.000 1.000 2.000 31.448 41.866 0.000 0.000 5.960 7.337 0.000 0.000 40.000 134.000 40.000 114.000 13.297 68.020 0.190 0.917
18.867 156.782 1.214 0.168 1.000 1.000 2.000 31.507 41.792 0.000 0.000 6.093 7.537 0.000 0.000 40.000 134.000 41.700 114.000 13.630 68.087 0.193 0.914
17.688 146.090 1.133 0.116 1.000 1.000 1.600 70.400 387.426 224.710 219.032 9.320 29.457 18.297 17.790 40.000 134.000 74.500 118.020 74.863 821.946 0.390 2.862
20.357 182.087 1.154 0.130 1.000 1.000 1.800 69.889 386.111 224.710 219.032 8.653 26.927 18.297 17.790 2.000 134.000 2.000 114.000 71.667 821.130 0.347 2.811
23.833 171.306 1.273 0.198 1.000 1.000 2.000 66.305 385.857 224.710 219.032 7.257 25.937 18.297 17.790 0.000 134.000 0.000 114.000 69.280 820.438 0.327 2.789
23.917 167.576 1.182 0.149 1.000 1.000 2.000 66.494 385.882 224.710 219.032 7.257 25.937 18.297 17.790 0.000 134.000 0.000 114.000 69.280 820.500 0.327 2.794
26.091 240.083 1.300 0.210 1.000 1.000 2.000 66.655 385.806 224.710 219.032 7.437 25.520 18.297 17.790 0.000 134.000 0.000 114.000 69.043 820.475 0.327 2.794
26.091 143.537 1.300 0.210 1.000 1.000 2.000 21.086 20.100 0.000 0.000 4.030 4.030 0.000 0.000 0.000 94.800 0.000 88.520 8.060 39.796 0.133 0.665
23.833 216.472 1.273 0.198 1.000 1.000 2.000 22.375 21.075 0.000 0.000 4.477 4.410 0.000 0.000 0.000 134.000 0.000 114.000 8.887 42.128 0.147 0.701
28.900 150.290 1.222 0.173 1.000 1.000 2.000 19.183 19.002 0.000 0.000 3.393 3.470 0.000 0.000 0.000 94.000 0.000 81.660 6.863 37.002 0.110 0.593
26.182 243.967 1.200 0.160 1.000 1.000 2.000 20.606 20.040 0.000 0.000 3.840 3.850 0.000 0.000 0.000 94.800 0.000 114.000 7.690 39.524 0.123 0.634
28.900 200.690 1.222 0.173 1.000 1.000 2.000 19.183 19.002 0.000 0.000 3.393 3.470 0.000 0.000 0.000 94.000 0.000 81.660 6.863 37.002 0.110 0.593
36.375 78.484 1.286 0.204 1.000 1.000 2.000 18.949 16.022 0.000 0.000 3.127 2.660 0.000 0.000 0.000 94.000 0.000 74.000 5.787 34.611 0.093 0.558
36.500 61.750 1.143 0.122 1.000 1.000 1.400 19.599 16.626 0.000 0.000 3.127 2.660 0.000 0.000 0.000 94.800 0.000 74.800 5.787 36.052 0.093 0.581
36.375 57.484 1.286 0.204 1.000 1.000 2.000 18.949 16.022 0.000 0.000 3.127 2.660 0.000 0.000 0.000 94.000 0.000 74.000 5.787 34.611 0.093 0.558
36.375 84.984 1.286 0.204 1.000 1.000 2.000 18.949 16.022 0.000 0.000 3.127 2.660 0.000 0.000 0.000 94.000 0.000 74.000 5.787 34.611 0.093 0.558
32.333 86.444 1.125 0.109 1.000 1.000 1.300 20.724 29.478 0.000 0.000 3.527 4.077 0.000 0.000 0.000 120.280 0.000 114.000 7.603 47.598 0.120 0.739
28.900 210.090 1.222 0.173 1.000 1.000 2.000 21.469 29.821 0.000 0.000 3.973 4.457 0.000 0.000 0.000 120.280 0.000 114.000 8.430 48.533 0.133 0.754
26.182 141.058 1.200 0.160 1.000 1.000 2.000 21.300 35.089 0.000 0.000 4.060 5.480 0.000 0.000 0.000 120.000 0.000 114.000 9.540 53.564 0.150 0.829
20.357 199.515 1.154 0.130 1.000 1.000 1.800 22.758 36.714 0.000 0.000 4.773 6.603 0.000 0.000 2.000 120.280 2.000 114.000 11.377 56.504 0.177 0.871
18.933 145.929 1.143 0.122 1.000 1.000 1.700 22.026 42.165 0.000 0.000 4.727 7.750 0.000 0.000 40.000 120.000 40.000 114.000 12.477 60.826 0.190 0.913
18.867 194.916 1.214 0.168 1.000 1.000 2.000 22.374 35.381 0.000 0.000 4.907 6.980 0.000 0.000 40.000 120.280 41.700 114.000 11.887 54.563 0.183 0.830
17.438 150.496 1.400 0.373 1.000 1.000 2.000 22.382 38.640 0.000 0.000 5.127 8.640 0.000 0.000 40.000 120.280 84.000 114.120 13.767 57.469 0.207 0.859
20.071 180.209 1.462 0.402 1.000 1.200 2.000 21.279 33.465 0.000 0.000 4.593 7.237 0.000 0.000 40.000 94.800 79.050 114.000 11.830 51.124 0.177 0.756
18.733 197.529 1.357 0.372 1.000 1.000 2.000 23.706 46.031 0.000 0.000 5.260 9.460 0.000 0.000 40.000 134.000 81.150 119.020 14.720 65.996 0.223 0.997
20.071 200.066 1.462 0.402 1.000 1.200 2.000 22.766 40.692 0.000 0.000 4.993 8.220 0.000 0.000 40.000 120.280 79.050 114.100 13.213 60.087 0.203 0.925
17.500 222.625 1.333 0.356 1.000 1.000 2.000 22.854 40.917 0.000 0.000 5.127 8.497 0.000 0.000 40.000 120.280 81.000 114.100 13.623 60.414 0.210 0.931
17.750 213.062 1.067 0.062 1.000 1.000 1.000 22.678 42.080 0.000 0.000 4.860 7.813 0.000 0.000 40.000 120.280 41.700 114.000 12.673 61.612 0.200 0.959
16.588 216.360 1.125 0.109 1.000 1.000 1.500 23.335 42.287 0.000 0.000 5.307 8.193 0.000 0.000 40.000 120.280 74.000 114.000 13.500 62.270 0.213 0.970
20.357 229.944 1.154 0.130 1.000 1.000 1.800 20.009 26.543 0.000 0.000 4.060 5.117 0.000 0.000 2.000 94.000 2.000 86.560 9.177 44.109 0.147 0.697
17.688 242.465 1.133 0.116 1.000 1.000 1.600 22.374 41.772 0.000 0.000 4.907 7.357 0.000 0.000 40.000 120.280 41.700 114.000 12.263 60.014 0.190 0.891
20.357 202.801 1.154 0.130 1.000 1.000 1.800 22.741 52.963 0.000 0.000 4.727 8.403 0.000 0.000 2.000 120.280 2.000 114.000 13.130 71.807 0.200 1.055
22.000 253.692 1.167 0.139 1.000 1.000 1.900 23.450 49.892 0.000 0.000 4.773 7.433 0.000 0.000 0.000 134.000 0.000 114.000 12.207 69.208 0.187 1.019
22.000 202.308 1.167 0.139 1.000 1.000 1.900 22.651 51.811 0.000 0.000 4.593 7.960 0.000 0.000 0.000 120.280 0.000 114.000 12.553 70.634 0.190 1.033
23.917 205.410 1.182 0.149 1.000 1.000 2.000 22.560 51.640 0.000 0.000 4.460 7.690 0.000 0.000 0.000 120.280 0.000 114.000 12.150 70.359 0.183 1.028
22.000 238.000 1.167 0.139 1.000 1.000 1.900 22.642 43.885 0.000 0.000 4.460 6.993 0.000 0.000 0.000 134.000 0.000 114.000 11.453 63.013 0.177 0.952
21.923 210.994 1.250 0.188 1.000 1.000 2.000 20.274 28.012 0.000 0.000 4.060 5.293 0.000 0.000 0.000 94.000 0.000 114.000 9.353 45.621 0.147 0.706
21.923 212.071 1.250 0.188 1.000 1.000 2.000 20.274 27.986 0.000 0.000 4.060 5.287 0.000 0.000 0.000 94.000 0.000 114.000 9.347 45.586 0.147 0.706
23.917 185.576 1.182 0.149 1.000 1.000 2.000 20.417 23.772 0.000 0.000 3.793 4.380 0.000 0.000 0.000 94.800 0.000 114.000 8.173 42.279 0.130 0.668
21.923 239.148 1.250 0.188 1.000 1.000 2.000 21.167 24.191 0.000 0.000 4.240 4.760 0.000 0.000 0.000 94.800 0.000 114.000 9.000 43.318 0.143 0.685
26.182 129.240 1.200 0.160 1.000 1.000 2.000 19.298 22.205 0.000 0.000 3.527 4.020 0.000 0.000 0.000 94.000 0.000 81.660 7.547 39.303 0.113 0.589
23.917 215.576 1.182 0.149 1.000 1.000 2.000 20.710 23.144 0.000 0.000 3.973 4.410 0.000 0.000 0.000 94.800 0.000 114.000 8.383 41.741 0.127 0.630
15.500 175.806 1.235 0.180 1.000 1.000 2.000 20.974 39.067 0.000 0.000 4.993 8.883 0.000 0.000 40.000 94.000 80.050 120.240 13.877 56.165 0.193 0.768
14.632 188.759 1.222 0.173 1.000 1.000 2.000 22.251 39.530 0.000 0.000 5.440 9.263 0.000 0.000 40.000 94.800 81.000 120.240 14.703 57.757 0.207 0.798
14.632 165.180 1.222 0.173 1.000 1.000 2.000 21.069 39.335 0.000 0.000 5.127 9.180 0.000 0.000 40.000 94.000 81.000 120.240 14.307 56.549 0.200 0.775
16.471 242.367 1.250 0.188 1.000 1.000 2.000 20.878 36.640 0.000 0.000 4.860 8.090 0.000 0.000 40.000 94.000 79.050 118.040 12.950 53.975 0.187 0.761
17.625 266.734 1.200 0.160 1.000 1.000 2.000 21.375 36.637 0.000 0.000 4.727 7.810 0.000 0.000 40.000 94.800 79.100 117.060 12.537 54.507 0.180 0.771
28.800 174.960 1.333 0.222 1.000 1.000 2.000 22.272 23.279 433.580 225.135 3.937 3.900 25.787 17.243 0.000 134.000 0.000 114.000 50.867 675.339 0.217 1.836
28.800 183.760 1.333 0.222 1.000 1.000 2.000 22.272 23.279 433.580 225.135 3.937 3.900 25.787 17.243 0.000 134.000 0.000 114.000 50.867 675.339 0.217 1.836
28.800 101.560 1.333 0.222 1.000 1.000 2.000 22.828 23.653 433.580 225.135 3.937 3.887 25.787 17.243 0.000 134.000 0.000 114.000 50.853 675.396 0.217 1.841
26.000 194.545 1.400 0.240 1.000 1.400 2.000 23.498 24.082 433.580 225.135 4.383 4.267 25.787 17.243 0.000 134.000 0.000 114.000 51.680 675.410 0.230 1.847
25.909 132.083 1.500 0.250 1.000 2.000 2.000 22.368 23.663 433.580 225.135 4.070 4.160 25.787 17.243 0.000 134.000 0.000 114.000 51.260 675.311 0.223 1.835
23.750 191.021 1.364 0.231 1.000 1.000 2.000 21.067 30.666 0.000 0.000 4.107 5.033 0.000 0.000 0.000 94.800 0.000 114.000 9.140 47.672 0.140 0.698
26.000 171.455 1.400 0.240 1.000 1.400 2.000 20.676 31.351 0.000 0.000 3.793 4.927 0.000 0.000 0.000 94.000 0.000 85.580 8.720 48.233 0.133 0.709
23.833 208.472 1.273 0.198 1.000 1.000 2.000 22.894 44.877 0.000 0.000 4.507 6.897 0.000 0.000 0.000 120.280 0.000 114.000 11.403 63.097 0.170 0.899
26.091 139.355 1.300 0.210 1.000 1.000 2.000 21.635 44.449 0.000 0.000 4.060 6.517 0.000 0.000 0.000 94.520 0.000 114.000 10.577 61.599 0.157 0.871
28.900 176.690 1.222 0.173 1.000 1.000 2.000 21.537 44.236 0.000 0.000 3.927 6.243 0.000 0.000 0.000 94.520 0.000 114.000 10.170 61.442 0.150 0.868
29.000 128.400 1.111 0.099 1.000 1.000 1.200 21.770 37.459 0.000 0.000 3.793 5.100 0.000 0.000 0.000 120.280 0.000 114.000 8.893 55.618 0.137 0.823
26.182 146.876 1.200 0.160 1.000 1.000 2.000 20.325 36.347 0.000 0.000 3.793 5.100 0.000 0.000 0.000 94.520 0.000 88.520 8.893 52.819 0.137 0.773
28.900 154.690 1.222 0.173 1.000 1.000 2.000 19.183 17.366 0.000 0.000 3.393 3.227 0.000 0.000 0.000 94.000 0.000 82.120 6.620 35.942 0.107 0.579
29.000 122.600 1.111 0.099 1.000 1.000 1.200 19.826 17.925 0.000 0.000 3.393 3.227 0.000 0.000 0.000 94.800 0.000 88.520 6.620 37.332 0.107 0.602
23.917 209.243 1.182 0.149 1.000 1.000 2.000 21.067 25.457 0.000 0.000 4.107 4.630 0.000 0.000 0.000 94.800 0.000 114.000 8.737 44.312 0.137 0.682
26.182 150.149 1.200 0.160 1.000 1.000 2.000 58.935 377.561 175.740 134.990 6.753 25.760 10.163 7.807 0.000 94.800 0.000 114.000 50.483 744.266 0.250 2.385
23.917 197.243 1.182 0.149 1.000 1.000 2.000 59.388 377.742 175.740 134.990 7.200 26.597 10.163 7.807 0.000 134.000 0.000 114.000 51.767 744.432 0.263 2.395
18.800 200.560 1.286 0.347 1.000 1.000 2.000 60.294 380.129 175.740 134.990 8.457 31.250 10.163 7.807 40.000 134.000 41.700 116.100 57.677 746.077 0.347 2.503
17.562 197.871 1.267 0.329 1.000 1.000 2.000 60.725 380.158 175.740 134.990 8.903 31.647 10.163 7.807 40.000 134.000 74.000 121.000 58.520 746.155 0.360 2.512
20.214 220.740 1.308 0.367 1.000 1.000 2.000 60.154 379.802 175.740 134.990 8.190 30.243 10.163 7.807 40.000 134.000 40.000 114.100 56.403 745.846 0.330 2.489
18.800 195.760 1.286 0.347 1.000 1.000 2.000 30.868 52.080 0.000 0.000 6.287 9.583 0.000 0.000 40.000 134.000 41.700 114.100 15.870 76.516 0.227 1.047
12.905 187.134 1.450 0.548 1.000 1.000 3.000 31.610 59.035 1059.376 3186.703 7.087 12.593 190.397 327.537 134.850 2976.300 270.200 1599.620 537.613 3865.977 1.080 5.683
12.905 160.372 1.450 0.448 1.000 1.000 2.100 28.550 40.829 1079.348 3186.683 5.650 8.707 208.900 332.053 433.700 2976.300 252.700 1599.620 555.310 3871.798 1.043 5.656
12.905 156.562 1.450 0.448 1.000 1.000 2.100 28.550 40.785 1079.348 3186.683 5.650 8.690 208.900 332.053 433.700 2976.300 252.700 1599.620 555.293 3871.800 1.043 5.656
12.952 142.807 1.400 0.440 1.000 1.000 2.100 28.985 41.027 1079.348 3186.683 5.650 8.690 208.900 332.053 433.700 2976.300 252.700 1599.620 555.293 3871.813 1.043 5.658
12.905 207.800 1.450 0.448 1.000 1.000 2.100 21.400 38.541 1079.348 3186.683 4.907 8.223 208.900 332.053 221.850 2976.300 120.900 1599.620 554.083 3871.834 1.033 5.648
18.867 232.649 1.214 0.168 1.000 1.000 2.000 19.522 25.908 223.070 53.241 3.793 5.077 18.503 4.517 40.000 134.000 40.600 114.000 31.890 261.369 0.173 0.777
20.357 249.801 1.154 0.130 1.000 1.000 1.800 20.914 24.020 0.000 0.000 4.240 5.103 0.000 0.000 2.000 94.800 2.000 114.000 9.343 42.857 0.140 0.648
14.526 193.407 1.333 0.444 1.000 1.000 2.300 19.953 26.552 628.430 235.352 4.327 6.233 103.180 37.410 94.000 2779.200 114.000 704.060 151.150 863.918 0.427 2.039
10.600 150.720 1.458 0.498 1.000 1.000 2.700 21.942 32.082 747.317 321.623 5.707 9.300 161.177 66.150 227.400 3186.040 603.350 1058.820 242.333 1066.904 0.703 2.763
9.250 108.473 1.464 0.463 1.000 1.000 2.300 21.275 34.172 865.631 374.616 5.793 10.160 221.827 92.577 2236.450 3201.240 704.150 1774.900 330.357 1233.620 0.870 3.023
8.862 87.015 1.483 0.457 1.000 1.000 2.200 21.524 37.486 914.160 411.014 5.793 10.353 246.747 104.890 2705.100 3850.760 707.250 1878.580 367.783 1311.850 0.973 3.296
7.906 59.585 1.516 0.443 1.000 2.000 2.000 22.268 39.040 1008.077 2319.453 6.060 11.193 301.787 258.353 2773.000 3892.880 999.400 2421.240 577.393 2939.589 1.307 4.796
9.630 89.270 1.538 0.402 1.000 2.000 2.000 22.184 47.167 813.805 2311.061 6.060 12.160 198.607 220.943 2006.600 3688.300 715.050 1878.580 437.770 2831.378 1.047 4.458
11.652 82.488 1.455 0.339 1.000 1.600 2.000 21.660 44.450 782.228 2580.443 5.260 9.767 160.163 260.213 136.500 2853.960 413.950 1574.980 435.403 3145.064 0.933 4.748
14.474 92.144 1.389 0.349 1.000 1.000 2.000 23.710 56.667 643.091 2575.005 5.393 11.227 99.513 233.787 134.000 2170.840 121.650 907.740 349.920 3086.556 0.800 4.632
16.294 133.972 1.438 0.371 1.000 1.000 2.000 23.951 53.328 565.558 2570.065 5.573 10.443 74.593 221.473 94.000 220.360 114.000 709.020 312.083 3053.926 0.697 4.437
20.143 82.408 1.385 0.391 1.000 1.000 2.000 22.918 53.821 338.109 1176.003 4.993 9.673 19.553 68.010 40.000 134.000 41.700 123.360 102.230 1515.011 0.360 2.680
18.800 151.093 1.286 0.204 1.000 1.000 2.000 24.232 53.447 338.109 1176.003 5.307 9.260 19.553 68.010 40.000 134.000 41.750 114.120 102.130 1515.059 0.360 2.685
20.286 132.918 1.231 0.178 1.000 1.000 2.000 23.063 53.074 0.000 0.000 4.860 8.867 0.000 0.000 2.000 120.280 2.000 114.000 13.727 72.325 0.203 1.040
20.286 209.490 1.231 0.178 1.000 1.000 2.000 23.079 44.905 0.000 0.000 4.907 7.673 0.000 0.000 2.000 120.280 2.000 114.000 12.580 63.981 0.190 0.931
18.867 204.916 1.214 0.168 1.000 1.000 2.000 23.690 56.815 0.000 0.000 5.127 9.650 0.000 0.000 40.000 120.280 40.000 114.000 14.777 76.738 0.220 1.104
13.700 165.010 1.368 0.443 1.000 1.000 2.200 36.413 59.714 0.000 0.000 8.340 13.110 0.000 0.000 40.000 134.000 83.050 162.040 21.450 86.282 0.297 1.181
13.048 179.760 1.300 0.410 1.000 1.000 2.100 36.464 56.137 0.000 0.000 8.340 12.823 0.000 0.000 40.000 134.000 86.350 162.040 21.163 83.035 0.297 1.158
12.364 139.140 1.333 0.413 1.000 1.000 2.000 37.158 66.015 0.000 0.000 8.873 15.147 0.000 0.000 40.000 134.000 94.050 179.780 24.020 93.317 0.337 1.308
12.364 133.322 1.333 0.413 1.000 1.000 2.000 36.643 61.725 0.000 0.000 8.607 14.017 0.000 0.000 40.000 134.000 86.350 164.300 22.623 88.513 0.317 1.234
14.474 162.670 1.316 0.427 1.000 1.000 2.200 35.890 50.997 0.000 0.000 7.940 11.657 0.000 0.000 40.000 134.000 83.150 162.040 19.597 77.480 0.273 1.076
20.357 220.515 1.154 0.130 1.000 1.000 1.800 22.991 44.601 0.000 0.000 4.773 7.333 0.000 0.000 2.000 134.000 2.000 114.000 12.107 63.761 0.187 0.958
26.182 162.876 1.200 0.160 1.000 1.000 2.000 21.200 39.681 0.000 0.000 3.927 5.557 0.000 0.000 0.000 94.800 0.000 114.000 9.483 57.407 0.147 0.863
28.900 220.490 1.222 0.173 1.000 1.000 2.000 20.501 17.967 0.000 0.000 3.707 3.333 0.000 0.000 0.000 94.800 0.000 83.620 7.040 38.022 0.113 0.611
32.222 97.062 1.250 0.188 1.000 1.000 2.000 19.067 27.292 0.000 0.000 3.260 3.947 0.000 0.000 0.000 94.000 0.000 74.800 7.207 42.242 0.100 0.569
26.182 201.785 1.200 0.160 1.000 1.000 2.000 20.966 35.059 0.000 0.000 3.973 5.560 0.000 0.000 0.000 94.800 0.000 114.000 9.533 51.239 0.133 0.699
17.438 247.746 1.400 0.640 1.000 1.000 2.000 22.267 55.939 694.725 246.791 4.727 9.820 86.627 29.577 94.000 2005.640 114.000 655.080 130.750 934.580 0.420 2.287
12.318 193.217 1.381 0.522 1.000 1.000 2.000 23.873 62.473 769.283 280.507 5.793 13.110 134.947 46.397 134.000 2773.860 370.800 714.740 200.247 1045.564 0.600 2.599
10.760 144.262 1.292 0.457 1.000 1.000 2.000 25.686 70.532 769.283 280.507 6.593 16.133 134.947 46.397 134.000 2773.860 405.350 714.740 204.070 1045.728 0.653 2.657
10.269 135.581 1.320 0.458 1.000 1.000 2.000 26.024 70.865 769.283 280.507 6.993 16.970 134.947 46.397 134.000 2773.860 405.350 714.740 205.307 1045.620 0.680 2.679
9.815 127.929 1.346 0.457 1.000 1.000 2.000 26.624 75.926 769.283 280.507 7.393 18.027 134.947 46.397 134.000 2773.860 413.800 714.740 206.763 1045.872 0.703 2.716
10.000 101.259 1.154 0.130 1.000 1.000 2.000 27.152 75.731 342.820 137.015 7.527 18.310 48.320 16.820 120.000 195.760 121.600 603.180 90.977 493.439 0.490 1.816
12.545 112.521 1.143 0.122 1.000 1.000 2.000 26.375 70.782 0.000 0.000 6.907 15.420 0.000 0.000 40.000 134.000 100.700 231.900 22.327 92.738 0.323 1.324
12.500 93.614 1.190 0.154 1.000 1.000 2.000 179.893 167.752 266.925 171.821 16.650 23.677 15.437 9.937 40.000 134.000 114.000 326.080 65.700 554.931 0.490 2.702
12.500 86.341 1.190 0.154 1.000 1.000 2.000 179.954 167.469 266.925 171.821 16.830 23.127 15.437 9.937 42.000 134.000 100.700 358.420 65.330 554.846 0.487 2.693
13.900 117.690 1.158 0.133 1.000 1.000 2.000 179.728 163.994 266.925 171.821 15.850 20.733 15.437 9.937 40.000 134.000 82.050 232.560 61.957 553.468 0.437 2.628
18.867 164.649 1.214 0.168 1.000 1.000 2.000 179.615 158.542 266.925 171.821 14.963 16.190 15.437 9.937 40.000 134.000 41.700 114.200 56.527 551.446 0.363 2.535
18.867 166.382 1.214 0.168 1.000 1.000 2.000 179.489 161.747 266.925 171.821 14.650 17.727 15.437 9.937 40.000 134.000 41.700 126.120 57.750 552.294 0.360 2.531
22.000 188.154 1.167 0.139 1.000 1.000 1.900 21.167 43.695 0.000 0.000 4.240 6.947 0.000 0.000 0.000 94.800 0.000 114.000 11.187 58.369 0.147 0.701
26.273 182.744 1.100 0.090 1.000 1.000 1.100 19.937 38.442 0.000 0.000 3.527 5.373 0.000 0.000 0.000 94.800 0.000 114.000 8.900 52.060 0.117 0.624
26.182 241.785 1.200 0.160 1.000 1.000 2.000 20.606 38.436 0.000 0.000 3.840 5.477 0.000 0.000 0.000 94.800 0.000 114.000 9.317 52.492 0.123 0.634
28.900 150.290 1.222 0.173 1.000 1.000 2.000 19.183 37.921 0.000 0.000 3.393 5.097 0.000 0.000 0.000 94.000 0.000 114.000 8.490 50.647 0.110 0.593
28.900 245.490 1.222 0.173 1.000 1.000 2.000 20.501 19.224 0.000 0.000 3.707 3.540 0.000 0.000 0.000 94.800 0.000 114.000 7.247 38.785 0.113 0.611
36.375 46.984 1.286 0.204 1.000 1.000 2.000 18.949 16.022 0.000 0.000 3.127 2.660 0.000 0.000 0.000 94.000 0.000 74.000 5.787 34.611 0.093 0.558
21.692 285.905 1.500 0.750 1.000 1.000 2.000 65.566 57.035 398.135 160.438 8.683 8.303 39.157 17.230 40.000 134.000 41.700 251.020 73.373 576.862 0.263 1.442
21.692 269.136 1.500 0.750 1.000 1.000 2.000 65.566 57.035 398.135 160.438 8.683 8.303 39.157 17.230 40.000 134.000 41.700 251.020 73.373 576.862 0.263 1.442
21.692 269.136 1.500 0.750 1.000 1.000 2.000 65.566 57.035 398.135 160.438 8.683 8.303 39.157 17.230 40.000 134.000 41.700 251.020 73.373 576.862 0.263 1.442
21.769 281.870 1.417 0.743 1.000 1.000 2.000 65.757 57.208 398.135 160.438 8.683 8.303 39.157 17.230 40.000 134.000 41.700 251.020 73.373 576.950 0.263 1.452
18.400 266.507 1.714 1.490 1.000 1.000 3.400 77.818 60.140 1596.162 1335.449 11.400 9.900 174.027 128.973 94.000 819.960 114.000 850.620 324.300 2925.971 0.543 3.328
21.692 241.751 1.500 1.250 1.000 1.000 2.000 121.009 461.269 1550.283 1327.660 15.147 41.843 138.817 114.110 40.000 146.020 41.700 201.580 309.917 2942.991 0.543 3.605
18.733 156.596 1.357 1.087 1.000 1.000 1.700 120.939 461.267 1550.283 1327.660 15.107 42.103 138.817 114.110 40.050 146.020 53.100 201.580 310.137 2942.969 0.550 3.606
15.222 110.506 1.529 1.308 1.000 1.000 2.800 128.939 461.359 1578.763 1334.698 18.780 43.663 163.177 125.153 134.000 1698.260 114.000 931.900 350.773 2974.223 0.693 3.838
15.222 62.062 1.529 1.308 1.000 1.000 2.800 128.773 461.341 1578.763 1334.698 18.470 43.457 163.177 125.153 96.000 1698.260 89.300 931.900 350.257 2974.254 0.687 3.834
13.750 98.588 1.316 0.532 1.000 1.000 2.000 122.502 463.319 316.774 151.265 17.273 46.257 28.307 13.410 43.650 151.180 88.200 180.840 105.247 795.773 0.487 2.516
15.333 127.778 1.412 0.595 1.000 1.000 2.000 51.705 54.380 309.646 145.803 8.770 9.410 24.360 11.043 41.000 135.320 78.100 115.120 53.583 462.877 0.337 1.664
9.286 126.704 1.481 0.620 1.000 1.000 2.400 68.570 67.969 655.003 2114.206 13.110 16.900 133.377 173.897 227.850 2596.160 399.300 1047.160 337.283 2443.677 0.883 3.763
7.086 99.507 1.529 0.602 1.000 1.000 2.700 52.753 73.927 687.629 2115.484 12.017 21.593 185.353 198.803 2003.000 2332.540 995.050 1267.280 417.767 2457.751 1.067 3.758
5.273 52.880 1.581 0.708 1.000 1.200 3.000 53.451 77.486 794.400 2122.417 14.013 26.950 258.437 231.973 2047.850 2779.740 999.000 1555.800 531.373 2521.784 1.360 3.977
4.094 33.293 1.566 0.736 1.000 1.000 3.000 68.934 68.887 925.271 2134.022 17.653 30.237 333.567 269.313 2235.750 3643.560 1141.350 1891.840 650.770 2607.631 1.677 4.325
4.057 26.506 1.635 0.847 1.000 1.600 3.000 67.953 69.227 933.543 2134.228 16.987 30.257 342.213 272.397 2289.950 3643.560 1141.350 1891.840 661.853 2609.580 1.683 4.320
5.182 63.103 1.674 0.871 1.000 2.000 3.000 51.663 58.038 806.630 387.219 12.953 23.110 261.053 122.493 2064.000 2882.640 999.000 1649.620 419.610 1164.738 1.240 3.023
5.950 73.698 1.590 0.806 1.000 1.000 3.000 50.919 55.720 770.949 362.779 11.440 20.623 217.170 99.060 2063.050 2882.640 879.150 1644.060 348.293 1103.577 1.063 2.875
7.265 104.959 1.606 1.027 1.000 1.000 2.800 67.084 54.724 746.341 337.952 12.873 17.853 172.667 79.077 2003.000 2774.200 645.850 1582.320 282.470 1053.199 0.923 2.844
12.619 175.188 1.667 1.079 1.000 1.000 3.000 49.347 44.728 554.790 224.964 7.980 11.433 97.537 41.737 134.000 2508.280 244.750 875.460 158.687 760.862 0.543 2.059
10.038 116.652 1.560 0.966 1.000 1.000 3.000 66.780 51.506 645.741 261.897 11.287 13.977 116.877 49.670 134.000 2599.840 301.050 996.120 191.810 899.569 0.653 2.404
12.091 141.719 1.545 1.066 1.000 1.000 3.000 66.386 52.836 584.965 234.877 10.707 13.877 89.020 36.720 134.000 2211.880 243.000 705.520 150.323 818.961 0.537 2.158
17.125 180.484 1.625 1.234 1.000 1.000 3.000 66.087 46.480 517.049 208.288 9.773 10.853 56.567 24.203 40.000 156.640 114.000 303.060 101.397 731.576 0.393 1.963
16.118 137.633 1.625 0.734 1.000 1.000 3.000 65.965 45.822 476.265 229.965 9.507 10.513 52.320 24.217 40.000 146.840 114.000 265.820 96.557 697.392 0.373 1.963
17.250 153.062 1.500 0.625 1.000 1.000 3.000 65.943 46.117 476.265 229.965 9.373 10.103 52.320 24.217 40.000 146.840 114.000 265.820 96.013 697.494 0.363 1.961
20.143 146.122 1.385 0.544 1.000 1.000 2.800 48.895 39.155 307.277 178.998 6.513 7.987 24.333 13.200 40.000 134.000 84.950 223.380 52.033 475.770 0.250 1.510
18.600 144.507 1.500 0.536 1.000 1.000 2.700 65.645 37.987 431.965 230.186 8.953 7.837 48.413 24.237 40.000 146.760 103.550 242.280 89.440 654.379 0.347 1.956
15.222 141.951 1.529 0.602 1.000 1.000 3.000 204.997 140.516 506.188 264.504 21.053 18.130 63.837 31.853 94.000 810.960 114.500 648.640 134.873 827.855 0.533 2.684
20.143 154.694 1.385 0.391 1.000 1.000 2.000 200.248 138.935 404.635 195.996 17.753 15.710 39.503 18.653 40.000 134.000 114.000 242.280 91.620 684.400 0.393 2.319
17.250 163.312 1.600 0.773 1.000 1.400 2.600 205.192 145.999 505.018 236.749 21.300 18.993 64.047 31.860 134.000 808.360 114.500 975.120 136.200 805.125 0.533 2.635
18.467 165.049 1.643 0.801 1.000 1.800 2.700 205.092 146.292 505.018 236.749 20.853 18.837 64.047 31.860 96.000 808.360 114.500 975.120 135.597 805.187 0.520 2.627
18.600 176.107 1.500 0.821 1.000 1.000 2.700 200.613 146.967 404.501 187.812 18.860 19.520 39.967 20.823 80.700 145.100 114.000 645.720 99.170 670.849 0.440 2.334
23.500 158.083 1.500 0.750 1.000 1.000 2.000 66.256 57.483 405.069 187.812 9.197 9.173 40.017 20.823 40.000 145.100 114.000 312.720 79.210 590.865 0.327 1.829
18.667 192.889 1.429 0.673 1.000 1.000 2.000 66.643 57.797 432.334 215.857 9.643 9.553 48.890 27.047 94.000 210.440 114.000 403.660 95.133 644.146 0.367 1.894
23.917 225.743 1.182 0.149 1.000 1.000 2.000 48.482 32.518 307.986 169.798 5.963 5.417 24.347 13.840 0.000 134.000 0.000 114.000 49.567 480.879 0.220 1.402
21.846 238.592 1.333 0.222 1.000 1.000 2.000 48.965 39.877 307.986 169.798 6.677 7.093 24.347 13.840 40.000 134.000 0.000 115.860 51.957 481.553 0.247 1.433
21.538 192.556 1.667 1.222 1.000 1.600 2.000 64.304 38.724 431.489 221.650 8.830 7.050 48.480 24.873 41.600 146.120 110.200 262.740 89.233 645.410 0.337 1.873
21.692 193.444 1.500 1.250 1.000 1.000 2.000 47.128 38.724 340.024 179.013 6.393 7.050 33.007 17.257 40.000 134.000 103.350 208.100 63.707 507.528 0.263 1.483
21.615 170.698 1.583 1.243 1.000 1.000 2.000 46.900 40.889 304.143 143.537 6.527 7.833 24.133 11.033 40.000 134.000 103.350 207.560 49.527 437.052 0.247 1.416
16.000 134.118 1.750 1.312 1.000 2.000 3.000 65.449 72.958 429.088 204.851 10.457 15.187 48.507 24.847 80.700 171.600 114.250 500.100 98.997 627.038 0.443 1.998
14.263 153.036 1.611 1.238 1.000 1.000 2.600 65.650 73.056 429.088 204.851 10.723 15.087 48.507 24.847 94.000 171.600 114.000 500.100 99.163 627.161 0.460 2.030
12.182 123.694 1.524 0.821 1.000 1.000 2.000 67.679 81.357 430.437 187.204 11.520 17.873 48.740 24.670 94.900 172.380 182.300 638.280 102.803 620.215 0.507 2.098
11.565 148.507 1.545 0.793 1.000 1.000 2.000 68.152 83.537 430.437 187.204 12.233 19.340 48.740 24.670 112.400 172.380 191.150 638.280 104.983 620.475 0.540 2.126
10.560 105.206 1.500 0.750 1.000 1.000 2.000 68.025 84.724 430.437 187.204 12.453 20.650 48.740 24.670 94.900 172.380 191.150 638.280 106.513 620.524 0.563 2.143
11.652 134.227 1.455 0.612 1.000 1.000 2.000 67.507 63.710 432.290 213.649 11.683 15.427 48.693 23.877 80.700 172.280 165.850 487.440 99.680 655.983 0.497 2.263
13.600 144.940 1.474 0.670 1.000 1.000 2.200 67.015 57.750 432.290 213.649 10.703 13.400 48.693 23.877 80.000 172.280 165.450 349.260 96.673 655.417 0.453 2.218
17.438 227.621 1.400 0.373 1.000 1.000 2.000 49.580 42.630 307.223 179.580 7.620 9.620 24.327 13.020 40.000 134.000 114.000 189.700 54.587 503.464 0.307 1.774
16.353 192.934 1.375 0.359 1.000 1.000 2.000 49.109 46.908 307.223 179.580 7.440 10.547 24.327 13.020 40.000 134.000 114.000 224.020 55.333 503.763 0.310 1.776
18.400 176.373 1.714 1.776 1.000 1.000 2.700 65.141 49.174 427.868 245.213 9.993 10.537 48.387 26.827 72.400 209.560 114.000 302.500 95.743 665.627 0.390 2.143
17.312 127.465 1.533 1.582 1.000 1.000 2.000 47.641 44.939 299.760 168.048 7.547 9.347 24.060 13.807 40.000 134.000 114.000 174.760 54.760 442.850 0.287 1.462
18.467 133.982 1.533 1.582 1.000 1.000 2.000 47.641 44.099 299.760 168.048 7.547 9.027 24.060 13.807 40.000 134.000 86.450 165.940 54.440 442.770 0.283 1.457
14.316 110.111 1.556 1.469 1.000 1.000 2.300 64.989 48.084 428.376 219.123 10.260 10.633 48.433 24.730 80.700 209.560 114.000 284.860 94.057 619.776 0.397 1.918
15.222 126.840 1.529 1.543 1.000 1.000 2.400 64.846 38.806 428.376 219.123 9.860 8.393 48.433 24.730 73.100 209.560 114.000 213.420 91.417 619.223 0.367 1.885
16.471 191.661 1.250 0.312 1.000 1.000 2.000 49.084 29.712 307.934 141.692 6.953 6.310 24.373 10.923 40.000 134.000 84.950 114.000 48.560 439.850 0.253 1.422
17.312 160.590 1.533 1.182 1.000 1.000 2.600 64.212 31.843 431.410 195.417 8.960 6.590 48.497 21.453 41.600 146.040 105.450 199.880 85.500 609.670 0.333 1.795
16.176 191.322 1.562 1.121 1.000 1.000 2.500 64.634 35.773 431.410 195.417 9.540 8.020 48.497 21.453 72.000 146.040 114.000 227.320 87.510 609.826 0.353 1.810
21.692 208.059 1.500 1.250 1.000 1.000 2.000 46.807 29.417 304.084 135.429 6.380 6.033 24.123 10.530 40.000 134.000 84.000 114.680 47.067 428.043 0.227 1.297
21.385 230.544 1.833 1.639 1.000 1.600 3.800 64.568 32.641 424.693 177.626 9.140 6.523 47.973 21.393 72.000 146.040 114.000 243.860 85.030 592.885 0.330 1.711
19.786 181.454 1.769 1.562 1.000 1.200 3.600 64.317 42.871 424.693 177.626 9.093 8.387 47.973 21.393 72.000 146.040 114.000 289.360 86.847 593.439 0.347 1.736
23.500 213.250 1.636 0.959 1.000 1.000 3.000 48.936 44.635 298.410 115.925 6.640 8.540 23.850 10.863 40.000 134.000 114.000 228.180 49.893 417.482 0.260 1.351
25.727 169.653 1.700 1.010 1.000 1.400 3.100 48.605 41.825 298.410 115.925 6.373 7.230 23.850 10.863 40.000 134.000 4.200 215.440 48.317 417.147 0.247 1.336
23.167 188.639 2.000 1.818 1.000 2.000 4.000 64.167 45.331 439.249 233.532 9.080 8.827 54.397 27.323 72.400 732.840 114.000 330.520 99.627 665.480 0.377 1.948
23.417 193.243 1.727 1.471 1.000 1.000 3.000 46.522 45.291 324.574 203.608 6.633 8.820 30.547 16.460 40.000 134.000 53.600 193.420 62.460 525.254 0.280 1.605
28.300 159.810 1.889 1.654 1.000 1.800 3.400 46.290 35.245 324.574 203.608 6.233 6.577 30.547 16.460 40.000 134.000 2.000 114.000 59.817 524.443 0.250 1.562
23.583 254.243 1.545 1.339 1.000 1.000 2.000 48.091 31.274 324.574 203.608 7.077 6.060 30.547 16.460 40.000 134.000 2.000 114.000 60.143 524.494 0.257 1.574
17.312 208.965 1.533 1.182 1.000 1.000 2.600 85.279 379.425 424.949 322.112 12.703 30.080 58.583 35.963 94.000 799.460 114.000 284.660 137.330 1028.243 0.450 2.859
17.562 232.621 1.267 0.329 1.000 1.000 2.000 74.753 379.140 277.391 250.883 10.443 28.863 28.037 19.503 40.000 134.000 114.000 217.280 86.847 890.149 0.333 2.496
18.800 215.360 1.286 0.347 1.000 1.000 2.000 75.108 378.922 277.391 250.883 10.633 28.373 28.037 19.503 41.600 134.340 103.550 171.920 86.547 890.115 0.343 2.512
15.389 221.015 1.353 0.346 1.000 1.000 2.000 87.379 379.102 409.087 289.377 13.683 29.477 51.957 30.540 96.000 774.140 114.000 232.720 125.657 994.628 0.460 2.810
17.375 217.484 1.375 0.359 1.000 1.000 2.000 86.454 379.296 409.087 289.377 12.707 29.557 51.957 30.540 80.700 774.140 114.000 281.720 124.760 994.615 0.443 2.799
23.833 228.639 1.273 0.198 1.000 1.000 2.000 49.858 28.559 302.898 145.697 6.633 5.157 23.920 11.037 0.000 134.000 0.000 114.000 46.747 452.831 0.237 1.452
23.750 222.688 1.364 0.231 1.000 1.000 2.000 49.606 28.559 302.898 145.697 6.633 5.157 23.920 11.037 2.000 134.000 0.000 114.000 46.747 452.770 0.237 1.445
23.833 192.472 1.273 0.198 1.000 1.000 2.000 48.752 31.147 302.898 145.697 5.997 5.277 23.920 11.037 0.000 134.000 0.000 114.000 46.230 452.788 0.217 1.411
18.933 229.929 1.143 0.122 1.000 1.000 1.700 20.839 43.046 0.000 0.000 4.460 8.563 0.000 0.000 40.000 94.000 0.000 142.220 13.023 59.815 0.177 0.799
16.353 177.758 1.375 0.984 1.000 1.000 2.000 46.848 44.026 303.818 142.876 7.163 9.530 24.097 10.997 40.000 134.000 114.000 239.300 51.787 436.511 0.287 1.471
14.368 173.180 1.500 1.028 1.000 1.000 2.300 47.694 53.765 303.818 142.876 8.277 12.457 24.097 10.997 72.400 134.000 114.000 254.340 55.827 437.791 0.343 1.547
11.696 117.777 1.409 0.878 1.000 1.000 2.000 47.595 60.476 303.818 142.876 8.763 15.183 24.097 10.997 80.000 134.000 119.050 271.320 59.040 438.704 0.387 1.597
10.231 85.562 1.360 0.790 1.000 1.000 2.000 49.387 60.602 303.818 142.876 10.007 16.153 24.097 10.997 80.000 134.000 121.100 254.340 61.253 439.020 0.420 1.626
12.273 81.107 1.429 0.912 1.000 1.000 2.000 136.121 137.421 303.818 142.876 18.977 21.440 24.097 10.997 80.000 135.300 114.300 249.620 75.510 497.663 0.473 2.187
13.800 92.660 1.263 0.299 1.000 1.000 2.000 129.740 140.532 0.000 0.000 16.273 21.567 0.000 0.000 40.000 134.000 114.000 235.220 37.840 252.038 0.360 1.812
13.800 117.660 1.200 0.160 1.000 1.000 2.000 129.881 150.248 0.000 0.000 16.407 23.833 0.000 0.000 40.000 134.000 114.000 249.600 40.240 259.382 0.370 1.862
15.500 141.472 1.235 0.180 1.000 1.000 2.000 129.880 149.034 0.000 0.000 15.873 22.657 0.000 0.000 40.000 134.000 114.000 236.680 38.530 258.327 0.337 1.823
17.500 167.750 1.333 0.222 1.000 1.000 2.000 129.348 148.369 0.000 0.000 15.077 21.390 0.000 0.000 40.000 134.000 85.500 180.820 36.467 257.271 0.313 1.799
20.214 197.168 1.308 0.213 1.000 1.000 2.000 21.860 76.122 0.000 0.000 4.593 11.713 0.000 0.000 40.000 94.800 0.000 114.540 16.307 92.190 0.183 0.896
20.214 253.168 1.308 0.213 1.000 1.000 2.000 23.009 68.099 0.000 0.000 4.907 10.063 0.000 0.000 40.000 134.000 0.000 114.000 14.970 85.684 0.190 0.917
23.833 229.972 1.273 0.198 1.000 1.000 2.000 19.522 30.563 0.000 0.000 3.793 5.627 0.000 0.000 0.000 94.000 0.000 114.000 9.420 46.497 0.133 0.645
32.111 186.765 1.222 0.173 1.000 1.000 2.000 19.183 21.465 0.000 0.000 3.393 3.563 0.000 0.000 0.000 94.000 0.000 114.000 6.957 38.779 0.107 0.585
32.333 168.444 1.125 0.109 1.000 1.000 1.300 19.713 20.956 0.000 0.000 3.260 3.283 0.000 0.000 0.000 94.800 0.000 114.000 6.543 38.906 0.100 0.592
32.222 163.728 1.250 0.188 1.000 1.000 2.000 19.067 20.956 0.000 0.000 3.260 3.283 0.000 0.000 0.000 94.000 0.000 114.000 6.543 38.186 0.100 0.574
28.900 239.090 1.222 0.173 1.000 1.000 2.000 19.183 25.164 0.000 0.000 3.393 4.100 0.000 0.000 0.000 94.000 0.000 114.000 7.493 41.420 0.110 0.598
26.273 185.107 1.100 0.090 1.000 1.000 1.100 20.310 34.283 0.000 0.000 3.660 5.193 0.000 0.000 0.000 94.800 0.000 114.000 8.853 50.343 0.127 0.691
22.000 254.462 1.167 0.139 1.000 1.000 1.900 21.167 36.948 0.000 0.000 4.240 6.427 0.000 0.000 0.000 94.800 0.000 114.000 10.667 53.679 0.153 0.741
23.583 196.910 1.417 0.743 1.000 1.000 2.000 19.902 37.656 572.561 2153.261 3.927 6.620 51.017 136.460 40.000 134.000 41.700 216.580 198.023 2686.868 0.443 3.822
18.400 227.040 1.714 1.490 1.000 1.000 3.400 22.219 47.632 634.203 2155.644 4.907 9.783 83.510 151.733 113.100 1963.800 114.000 706.860 249.933 2711.461 0.573 3.908
21.308 241.598 1.769 1.562 1.000 1.200 3.600 21.279 45.914 634.203 2155.644 4.593 9.067 83.510 151.733 94.900 1963.800 114.000 706.860 248.903 2711.499 0.567 3.909
19.643 248.230 1.923 1.609 1.000 2.000 3.800 126.349 117.339 686.386 2161.792 14.223 15.630 98.973 161.677 134.000 2005.840 125.000 1095.880 290.503 2752.900 0.717 4.230
23.167 231.472 2.000 1.818 1.000 2.000 4.000 126.254 116.715 686.386 2161.792 13.643 14.530 98.973 161.677 134.000 2005.840 114.500 1095.880 288.823 2753.019 0.693 4.228
21.462 315.633 1.615 0.852 1.000 1.200 2.800 126.343 122.744 384.959 209.039 14.090 16.620 47.957 25.217 94.900 927.260 114.000 685.320 103.883 630.840 0.410 1.987
26.091 236.264 1.300 0.410 1.000 1.000 2.100 126.127 119.409 267.386 171.936 13.110 13.457 15.463 9.943 0.000 134.000 0.000 114.200 51.973 500.089 0.280 1.806
26.000 317.818 1.400 0.440 1.000 1.000 2.100 126.162 119.312 267.386 171.936 13.290 13.357 15.463 9.943 0.000 134.000 0.000 114.000 52.053 500.063 0.277 1.793
26.091 195.537 1.300 0.210 1.000 1.000 2.000 20.168 49.219 0.000 0.000 3.927 7.317 0.000 0.000 0.000 94.000 0.000 114.000 11.243 62.837 0.140 0.712
23.583 193.410 1.545 0.793 1.000 1.000 2.000 20.938 67.450 0.000 0.000 4.593 12.207 0.000 0.000 40.000 94.000 5.700 144.820 16.800 81.295 0.180 0.809
25.818 157.421 1.600 0.840 1.000 1.400 2.200 20.839 55.131 0.000 0.000 4.460 9.940 0.000 0.000 40.000 94.000 0.000 119.460 14.400 70.285 0.173 0.802
23.583 151.243 1.545 0.793 1.000 1.000 2.000 20.938 55.821 0.000 0.000 4.593 10.480 0.000 0.000 40.000 94.000 5.700 142.400 15.073 71.107 0.180 0.809
23.667 168.056 1.455 0.793 1.000 1.000 2.000 21.528 55.821 0.000 0.000 4.593 10.480 0.000 0.000 40.000 94.800 5.700 142.400 15.073 71.496 0.180 0.821
23.583 190.743 1.545 0.793 1.000 1.000 2.000 20.938 54.029 0.000 0.000 4.593 9.967 0.000 0.000 40.000 94.000 4.050 119.860 14.560 69.270 0.180 0.809
23.833 280.306 1.273 0.198 1.000 1.000 2.000 21.515 28.454 0.000 0.000 4.373 5.457 0.000 0.000 0.000 94.800 0.000 114.000 9.830 47.983 0.153 0.746
26.091 236.628 1.182 0.149 1.000 1.000 2.000 20.883 34.321 0.000 0.000 4.060 6.250 0.000 0.000 0.000 94.800 0.000 114.000 10.310 51.577 0.147 0.734
21.923 284.994 1.250 0.188 1.000 1.000 2.000 21.611 39.067 0.000 0.000 4.507 7.253 0.000 0.000 2.000 94.800 0.000 114.000 11.760 56.090 0.163 0.764
23.833 241.306 1.273 0.198 1.000 1.000 2.000 20.274 38.578 0.000 0.000 4.060 6.873 0.000 0.000 0.000 94.000 0.000 114.000 10.933 54.404 0.150 0.731
23.917 249.076 1.182 0.149 1.000 1.000 2.000 20.710 35.219 0.000 0.000 3.973 5.967 0.000 0.000 0.000 94.800 0.000 114.000 9.940 51.088 0.130 0.653
23.917 216.076 1.182 0.149 1.000 1.000 2.000 19.794 42.996 0.000 0.000 3.793 7.077 0.000 0.000 0.000 94.000 0.000 114.000 10.870 57.544 0.137 0.701
26.182 260.694 1.200 0.160 1.000 1.000 2.000 19.684 37.986 0.000 0.000 3.660 5.903 0.000 0.000 0.000 94.000 0.000 114.000 9.563 53.113 0.130 0.693
20.286 250.918 1.231 0.331 1.000 1.000 1.800 20.114 41.818 0.000 0.000 4.193 7.970 0.000 0.000 40.000 94.000 0.000 114.100 12.163 57.321 0.160 0.736
20.286 237.204 1.231 0.331 1.000 1.000 1.800 20.114 41.818 0.000 0.000 4.193 7.970 0.000 0.000 40.000 94.000 0.000 114.100 12.163 57.321 0.160 0.736
22.000 240.769 1.167 0.306 1.000 1.000 1.000 20.626 40.730 0.000 0.000 4.060 7.397 0.000 0.000 0.000 94.800 0.000 114.000 11.457 56.639 0.153 0.741
18.800 211.627 1.286 0.347 1.000 1.000 2.000 20.321 46.597 145.019 435.691 4.460 9.367 8.387 25.197 40.000 94.800 86.000 165.120 47.410 614.803 0.240 1.541
15.500 179.917 1.235 0.298 1.000 1.000 2.000 21.831 47.361 145.019 435.691 5.173 10.313 8.387 25.197 40.000 134.000 105.450 165.120 49.070 614.921 0.267 1.563
18.933 204.462 1.143 0.122 1.000 1.000 1.700 20.829 41.524 145.019 435.691 4.327 7.793 8.387 25.197 40.000 134.000 4.250 114.000 45.703 614.483 0.230 1.540
16.471 202.131 1.250 0.188 1.000 1.000 2.000 22.639 53.493 145.019 435.691 5.307 11.537 8.387 25.197 40.000 134.000 114.000 171.120 50.427 615.623 0.283 1.611
16.471 143.190 1.250 0.188 1.000 1.000 2.000 21.476 53.353 145.019 435.691 4.993 11.453 8.387 25.197 40.000 120.280 90.250 171.120 50.030 615.534 0.277 1.600
17.500 168.125 1.250 0.188 1.000 1.000 2.000 22.225 45.436 0.000 0.000 5.040 9.927 0.000 0.000 40.000 120.280 87.050 114.000 14.967 62.934 0.203 0.834
17.562 150.496 1.267 0.196 1.000 1.000 2.000 21.288 53.067 0.000 0.000 4.727 11.327 0.000 0.000 40.000 94.520 85.200 242.480 16.053 69.425 0.207 0.874
16.471 206.484 1.250 0.188 1.000 1.000 2.000 21.383 52.265 0.000 0.000 4.860 11.347 0.000 0.000 40.000 94.520 89.050 162.120 16.207 68.832 0.213 0.880
17.625 198.609 1.200 0.160 1.000 1.000 2.000 20.218 40.377 0.000 0.000 4.327 7.983 0.000 0.000 40.000 94.000 80.050 114.000 12.310 56.045 0.173 0.755
15.556 155.469 1.176 0.145 1.000 1.000 2.000 59.109 378.651 221.894 217.334 7.553 29.763 18.037 17.687 40.000 134.000 83.000 114.920 73.040 804.438 0.367 2.623
14.000 161.000 1.053 0.050 1.000 1.000 1.000 59.493 378.576 221.894 217.334 7.953 29.940 18.037 17.687 40.000 134.000 85.050 114.920 73.617 804.474 0.383 2.639
13.950 107.748 1.105 0.094 1.000 1.000 1.200 59.709 377.777 221.894 217.334 8.190 28.600 18.037 17.687 40.000 134.000 83.100 114.000 72.513 804.048 0.380 2.628
14.579 138.981 1.278 0.312 1.000 1.000 2.000 148.949 402.650 346.883 276.557 18.720 37.263 33.517 27.637 42.000 134.340 87.400 227.780 117.137 953.105 0.580 3.362
14.632 144.864 1.222 0.284 1.000 1.000 2.000 149.033 402.650 346.883 276.557 18.720 37.263 33.517 27.637 42.000 134.340 87.400 227.780 117.137 953.134 0.580 3.365
16.471 171.308 1.250 0.312 1.000 1.000 2.000 138.556 144.885 267.674 172.052 15.493 16.243 15.480 9.950 40.000 134.000 85.050 126.060 57.167 519.735 0.387 2.258
21.846 216.130 1.333 0.389 1.000 1.000 2.000 138.494 144.007 267.674 172.052 14.827 14.513 15.480 9.950 40.000 134.000 4.000 114.200 54.770 519.460 0.350 2.236
23.750 194.021 1.364 0.413 1.000 1.000 2.000 138.820 144.191 410.122 284.195 15.023 14.520 41.020 27.287 2.000 134.000 4.200 127.300 97.850 756.637 0.440 2.623
